3549,33,8.25,3.09,5.16
20180,26,9.03,5.73,3.3
11906,76,0.49,-1.11,1.6
1768,8,4.32,1.76,2.56
13098,39,4.56,3.72,0.84
21225,67,-1.41,4.45,5.86
5192,44,-2.62,1.3,3.92
9136,83,2.28,2.21,0.07
6218,7,-4.56,-1.9,2.66
5720,19,8.98,-0.27,9.25
8118,54,-5.05,-2.29,2.76
17871,29,-0.68,-4.2,3.52
3736,15,-9.9,-6.64,3.26
2568,23,-2.67,-4.62,1.95
15629,91,8.5,3.64,4.86
10693,15,3.25,-3.73,6.98
196,2,8.06,2.58,5.48
1403,41,6.5,3.97,2.53
24637,44,1.5,0.56,0.94
2283,49,8.74,3.99,4.75
4303,26,-5.1,1.72,6.82
21684,38,-3.93,1.74,5.67
10537,7,-5.34,-0.91,4.43
5301,6,5.0,-2.78,7.78
24482,27,3.54,5.33,1.79
9955,74,7.09,0.02,7.07
4234,8,1.26,-0.36,1.62
22459,68,-4.42,1.83,6.25
12157,53,7.43,5.27,2.16
22865,63,0.87,-2.7,3.57
15851,11,-7.77,-1.64,6.13
7661,66,-0.73,-1.79,1.06
2985,65,0.44,4.69,4.25
9513,68,0.34,3.76,3.42
22122,90,6.17,2.15,4.02
22854,87,-4.85,-0.37,4.48
3463,53,5.39,2.65,2.74
22264,16,-9.51,-2.47,7.04
15873,1,4.95,1.71,3.24
19837,41,4.03,2.97,1.06
20166,34,5.05,6.19,1.14
16717,11,-0.15,3.0,3.15
12952,29,-8.64,-2.55,6.09
18165,55,-9.27,-0.16,9.11
5314,89,-8.54,0.44,8.98
13238,19,4.66,-0.65,5.31
24138,6,-1.75,-1.19,0.56
12898,69,-5.0,-0.36,4.64
24750,6,-4.56,-1.47,3.09
21053,27,-4.47,-0.8,3.67
1206,9,6.5,2.78,3.72
12230,69,0.53,0.3,0.23
11338,81,2.43,-0.28,2.71
3284,25,-1.75,2.2,3.95
13233,19,2.96,2.01,0.95
8910,22,-5.05,-0.08,4.97
10693,80,-0.53,2.87,3.4
6328,20,-5.49,2.04,7.53
14180,45,8.11,3.31,4.8
18142,33,3.16,4.21,1.04
1711,38,6.55,4.65,1.9
16583,82,5.29,0.78,4.51
5614,51,-5.29,-4.01,1.28
17484,53,-1.36,5.95,7.31
24116,1,0.34,-3.87,4.21
19840,60,6.26,5.01,1.25
6450,6,-9.66,-0.51,9.15
17758,38,-1.89,4.17,6.06
10094,32,1.26,-0.24,1.5
16781,38,-3.35,-1.09,2.26
23454,15,7.09,-3.85,10.94
5330,57,-3.79,-6.68,2.89
3280,46,2.62,5.15,2.53
5911,50,3.64,4.22,0.58
20964,25,3.25,0.49,2.76
10079,68,1.36,0.23,1.13
5270,48,7.28,1.69,5.59
1598,14,-9.66,-4.27,5.39
13477,56,5.53,-1.36,6.89
8325,56,3.69,-3.23,6.92
6097,40,3.93,1.85,2.08
13631,9,7.38,2.48,4.9
8217,77,7.62,1.59,6.03
3756,12,0.49,-1.12,1.61
24359,36,-8.59,-5.79,2.8
16939,97,6.7,1.47,5.23
19698,65,6.55,5.25,1.3
21591,39,1.84,0.62,1.22
23180,32,-4.9,-2.57,2.33
10341,44,4.42,3.69,0.73
12400,26,2.86,3.28,0.42
23321,59,-8.01,-2.59,5.42
16047,26,3.25,4.02,0.77
22903,36,8.5,3.53,4.97
24423,48,8.59,7.44,1.15
2268,7,-2.18,-1.22,0.96
14758,71,-0.44,3.04,3.48
10192,12,5.1,-2.1,7.2
18331,7,5.73,-2.35,8.08
17156,5,1.21,3.69,2.48
10147,98,3.64,0.51,3.13
17026,59,-3.3,-1.93,1.37
607,17,-3.69,-3.19,0.5
6849,50,4.66,-0.12,4.78
21270,53,1.36,5.1,3.74
2513,61,-7.72,3.94,11.66
11687,76,0.1,-0.81,0.91
2556,6,-6.75,-0.7,6.05
7110,69,-4.13,-1.93,2.2
4780,59,3.06,-1.28,4.34
22831,10,2.67,4.15,1.48
6725,18,3.01,-0.39,3.4
18257,38,2.67,1.82,0.85
11452,41,3.88,2.82,1.06
20605,56,-9.85,-3.81,6.04
2180,15,-0.05,-3.25,3.2
7757,52,3.74,3.9,0.16
12181,33,0.19,-2.23,2.42
9443,1,-0.1,0.77,0.87
13183,62,8.4,2.35,6.05
16454,12,-2.48,-1.75,0.73
3102,41,6.6,3.33,3.27
8155,92,4.66,4.45,0.21
4033,24,6.46,-0.45,6.91
12502,96,4.47,0.54,3.93
9524,46,-8.98,-1.02,7.96
18805,62,5.68,2.04,3.64
20083,13,5.29,4.61,0.68
16984,6,-2.38,-2.79,0.41
5634,58,-0.73,-0.61,0.12
7488,93,2.86,-2.17,5.03
8979,51,-0.83,4.44,5.27
18826,31,3.54,3.71,0.17
13568,29,-3.54,1.44,4.98
14847,66,5.53,-1.9,7.43
17267,22,3.79,1.91,1.88
13334,95,2.23,1.53,0.7
5757,12,-3.79,-1.05,2.74
6879,56,0.24,-2.93,3.17
22385,45,-9.22,-6.02,3.2
21841,11,0.87,-2.39,3.26
19848,59,0.92,-0.27,1.19
13719,25,4.03,1.32,2.71
10304,82,-3.45,0.73,4.18
6857,61,1.46,3.18,1.72
23912,48,8.25,1.98,6.27
3523,31,3.06,3.21,0.15
16509,2,2.28,-2.64,4.92
9797,13,-0.1,0.61,0.71
3992,55,3.98,5.81,1.83
18758,22,-0.29,1.11,1.4
6398,16,-3.3,0.85,4.15
1246,10,6.8,4.38,2.42
7012,31,2.67,1.86,0.81
21759,92,3.74,1.39,2.35
22374,21,1.5,1.9,0.4
12514,1,-7.18,1.51,8.69
4624,6,-1.02,0.09,1.11
23665,38,6.6,2.71,3.89
14832,92,7.23,5.4,1.83
18326,94,-3.74,1.98,5.72
22122,63,-7.28,0.16,7.44
7552,9,-6.7,-0.64,6.06
5397,17,-5.49,-1.55,3.94
8866,43,-7.04,-5.04,2.0
3198,60,-1.21,3.02,4.23
23305,61,1.65,4.6,2.95
4549,57,7.38,-4.18,11.56
4600,33,0.0,4.4,4.4
11702,64,3.35,4.98,1.63
20833,50,-6.6,-5.49,1.11
17261,67,6.89,3.46,3.43
14782,19,1.31,-2.48,3.79
4546,4,-2.96,-0.65,2.31
22339,75,6.65,3.49,3.16
16111,48,3.25,5.37,2.12
19039,25,8.01,2.88,5.13
19397,38,2.14,3.97,1.83
19464,20,-4.9,-1.72,3.18
20767,39,-3.25,0.61,3.86
11395,18,6.31,2.86,3.45
6124,6,-3.69,-0.23,3.46
21329,54,-6.84,-1.76,5.08
17690,28,7.96,4.01,3.95
15307,69,-3.64,-1.45,2.19
31,21,1.55,1.15,0.4
6181,52,5.53,5.01,0.52
2880,34,-4.37,1.87,6.24
2904,64,2.86,6.03,3.17
5034,15,-8.35,-4.85,3.5
19660,13,3.11,6.29,3.18
8894,30,-7.09,2.83,9.92
13614,65,-8.98,2.3,11.28
8974,16,-8.16,-2.05,6.11
23525,3,9.37,2.45,6.92
19015,43,-4.27,-3.17,1.1
11937,69,-7.52,-1.65,5.87
8580,77,9.22,2.14,7.08
15843,10,1.26,2.64,1.38
18222,81,-3.11,-2.95,0.16

N = 200                  Did Recommend            Did not Recommend        
Should Recommend         8                        40                       
Should not Recommend     8                        144                      

Precision: 0.5
Recall: 0.167
F-1 Measure: 0.25
Overall Accuracy: 0.76
MAE: 3.65
-----------------------------------
4080,6,9.03,-1.0,10.03
16694,59,-7.48,-3.47,4.01
9973,21,-6.02,2.11,8.13
24937,38,2.82,4.3,1.48
4848,63,2.62,1.6,1.02
16266,4,3.01,0.74,2.27
20556,2,-4.27,-1.34,2.93
5980,17,-3.16,-0.96,2.2
14676,36,-7.57,-3.96,3.61
24561,66,-3.69,-2.49,1.2
5150,38,2.62,1.03,1.59
5533,39,1.8,4.91,3.11
2568,29,5.05,-1.28,6.33
6025,13,3.4,-2.98,6.38
220,95,-1.89,-2.49,0.6
18974,9,-2.28,2.12,4.4
17036,65,5.97,5.7,0.27
20045,47,-4.37,1.51,5.88
1873,60,5.49,5.18,0.31
1605,49,5.05,5.62,0.57
15699,1,-8.54,-2.97,5.57
18579,17,9.22,-0.44,9.66
24758,17,-9.13,-1.9,7.23
23154,4,6.17,0.13,6.04
1974,73,-1.65,-3.43,1.78
7505,69,7.33,0.65,6.68
16808,1,-8.83,-5.58,3.25
15736,43,-6.89,-3.26,3.63
17357,31,-3.16,2.65,5.81
15264,36,-5.92,-4.85,1.07
21935,12,-2.28,-1.31,0.97
11046,91,-3.93,1.86,5.79
11994,67,5.63,6.17,0.54
10169,10,0.05,5.25,5.2
9331,60,6.65,5.06,1.59
6040,69,-7.14,-1.96,5.17
2057,17,-4.66,-2.07,2.59
18338,47,-0.44,3.64,4.08
677,56,4.66,-0.65,5.31
4760,31,2.28,1.57,0.71
21615,27,-7.72,2.32,10.04
6712,61,5.63,3.9,1.73
9105,94,-9.37,-0.07,9.3
23744,26,-0.29,4.32,4.61
14610,46,-0.19,2.36,2.55
2410,65,8.69,3.26,5.43
2644,54,-0.34,-0.07,0.27
12056,82,8.98,3.26,5.72
12603,55,0.87,4.34,3.47
8202,25,2.52,4.76,2.24
20802,31,0.97,4.54,3.57
19423,76,-5.19,-0.27,4.92
19580,69,-4.03,-1.37,2.66
19392,67,3.69,2.5,1.19
18344,79,1.5,4.61,3.11
18214,11,-3.83,-0.45,3.38
192,37,3.45,3.54,0.09
21940,12,-5.78,-0.75,5.03
6040,55,-3.3,-0.48,2.82
4831,47,-1.46,-3.03,1.57
15926,52,1.6,-0.41,2.01
3938,74,-0.19,-0.56,0.37
8652,51,2.72,-1.25,3.97
14271,17,6.02,-0.78,6.8
8459,26,2.23,4.61,2.38
7078,24,-1.36,-3.2,1.84
21568,29,-0.19,0.54,0.73
4459,92,-8.25,-1.23,7.02
16174,2,-9.71,-2.9,6.81
8862,42,2.09,-2.89,4.97
3357,72,1.36,-3.19,4.55
12670,45,1.99,-2.16,4.15
3060,89,6.36,1.01,5.35
5200,30,-0.34,3.84,4.18
8963,40,7.67,0.22,7.45
4610,55,2.38,3.06,0.68
14409,38,0.05,1.13,1.08
19955,0,-5.44,1.83,7.27
5000,74,3.88,-0.02,3.9
13108,5,-0.29,2.35,2.64
20161,52,-9.51,-0.18,9.33
22626,30,9.13,3.93,5.2
4081,14,-9.76,-0.74,9.02
4770,39,-5.83,-1.81,4.02
21108,55,-0.39,4.76,5.15
21367,16,-1.21,-0.78,0.43
16963,84,-6.17,-1.02,5.15
7548,68,-0.53,2.06,2.59
23795,66,-3.93,-0.45,3.48
5545,21,5.29,-0.07,5.36
15537,92,3.4,4.04,0.64
22077,43,-1.21,0.34,1.55
21930,27,5.44,3.1,2.34
16424,19,0.15,-0.59,0.74
20615,68,4.37,5.91,1.54
16205,25,2.48,-2.16,4.64
19417,92,7.43,3.25,4.18
16070,25,-4.27,1.33,5.6
3153,38,5.39,2.36,3.03
23019,95,-0.05,1.41,1.46
15822,22,-1.6,-2.54,0.94
5871,69,6.26,1.96,4.3
7365,29,4.95,-0.02,4.98
22130,90,2.91,4.07,1.16
11194,83,7.33,1.72,5.61
6173,20,5.68,3.61,2.07
15963,25,1.75,2.23,0.48
15122,51,4.61,-0.35,4.96
14454,45,-4.76,-0.16,4.6
9651,0,3.35,1.56,1.79
955,31,0.78,4.84,4.06
5037,38,-1.26,1.4,2.66
1807,17,9.13,2.95,6.18
4000,93,5.15,2.49,2.66
19998,44,8.88,2.31,6.57
8759,29,7.57,5.22,2.35
24922,51,2.28,1.74,0.54
14745,69,6.6,-0.9,7.5
24659,24,7.18,1.5,5.68
19742,64,4.95,6.56,1.61
14222,25,4.56,5.84,1.28
3570,30,6.26,0.65,5.61
11720,87,7.28,3.41,3.87
9405,48,9.13,2.98,6.15
10397,59,0.97,-3.9,4.87
16208,57,2.91,-3.02,5.94
13645,17,-3.54,0.31,3.85
17121,26,4.32,4.53,0.21
2277,95,-4.13,1.44,5.57
19918,96,1.5,3.52,2.02
20396,60,-5.24,4.53,9.77
9129,42,-7.38,-3.46,3.92
15806,51,-0.39,1.49,1.88
346,48,7.67,4.45,3.22
15552,19,-0.63,1.18,1.81
13078,83,6.55,1.4,5.15
14079,56,-3.64,-5.82,2.18
20573,14,5.39,-4.82,10.21
10526,44,3.11,1.16,1.95
21521,47,-9.51,0.75,10.26
2107,45,3.06,1.6,1.46
7021,59,2.96,-2.54,5.5
6235,30,6.99,5.65,1.34
6669,0,-5.34,-2.0,3.34
20940,51,-9.47,-6.0,3.47
6384,8,1.21,-4.3,5.51
2165,21,4.17,4.1,0.07
5529,12,-3.01,-1.79,1.22
3639,20,4.81,5.47,0.66
16446,58,8.45,4.21,4.24
20192,78,0.19,0.64,0.45
5271,92,4.81,4.62,0.19
19469,68,-1.41,4.77,6.18
12466,6,-9.61,-2.22,7.39
11600,65,4.71,1.08,3.63
15227,44,-0.44,0.78,1.22
8793,94,5.87,1.3,4.57
24004,53,-6.41,0.03,6.44
13748,17,-4.71,0.1,4.81
8088,46,-3.16,4.16,7.32
24852,39,3.59,-0.2,3.79
4286,34,5.0,3.12,1.88
2764,57,-9.42,-6.04,3.38
3607,27,-0.15,1.01,1.16
23745,17,-1.84,-0.59,1.25
13333,15,-5.15,-3.58,1.57
19793,45,7.18,1.91,5.27
4130,46,-2.18,2.82,5.0
4745,18,-0.58,1.59,2.17
3005,26,0.34,4.12,3.79
53,37,-8.2,4.05,12.25
7585,44,-2.72,-2.02,0.7
8613,56,-3.35,-1.39,1.96
6336,18,-4.27,2.25,6.52
3251,1,2.04,1.04,1.0
20837,62,5.19,4.8,0.39
22292,26,2.77,5.93,3.16
16942,85,-0.97,-1.89,0.92
7886,91,7.38,2.78,4.6
14631,11,1.07,-0.55,1.62
14849,19,-8.88,-0.52,8.36
3491,76,-0.34,0.65,0.99
2983,83,6.84,2.62,4.22
10344,41,-9.22,-1.2,8.02
21159,25,3.98,4.71,0.73
8838,25,-7.72,-7.06,0.66
14766,97,5.73,2.97,2.76
19742,24,4.9,4.58,0.32
15266,57,-3.88,-5.97,2.09
7041,80,9.08,1.34,7.74
5820,68,6.7,-0.27,6.97
17468,16,-0.29,-1.24,0.95
4913,20,-5.78,-2.32,3.46
13379,43,2.62,-0.15,2.77
11535,28,3.59,4.67,1.08
953,49,6.55,2.12,4.43
20205,30,-9.66,4.18,13.84
1785,9,-0.58,-1.82,1.24
12688,84,5.87,3.3,2.57
13810,39,-0.34,-0.26,0.08

N = 200                  Did Recommend            Did not Recommend        
Should Recommend         7                        42                       
Should not Recommend     6                        145                      

Precision: 0.538
Recall: 0.143
F-1 Measure: 0.226
Overall Accuracy: 0.76
MAE: 3.71
-----------------------------------
10948,63,9.17,0.12,9.05
21913,55,0.83,2.65,1.82
10755,64,2.91,4.31,1.4
2164,2,5.29,3.57,1.72
21393,4,-6.6,0.51,7.11
20971,24,-0.39,-0.13,0.26
3268,80,-0.63,-0.19,0.44
7329,66,-0.44,-3.57,3.13
10843,24,2.67,1.86,0.81
15664,7,0.83,-0.07,0.9
1593,33,-2.48,2.9,5.38
7770,12,-6.75,-1.93,4.82
17138,34,3.83,4.05,0.22
21963,26,-6.36,2.16,8.52
422,89,-9.42,-0.01,9.41
12063,52,-9.51,1.47,10.98
2322,9,3.69,-0.62,4.31
16053,49,4.85,2.54,2.31
8664,25,-6.26,-0.64,5.62
18952,37,-5.29,1.92,7.21
6394,16,2.43,2.11,0.32
22767,18,-7.57,-2.09,5.48
18567,39,7.62,1.24,6.38
23378,20,8.06,2.16,5.9
18318,43,-9.85,-6.56,3.29
21875,28,4.71,6.01,1.3
17763,54,1.8,-0.91,2.71
14158,48,2.86,1.92,0.94
8354,11,-0.05,3.15,3.2
12055,41,-0.39,2.35,2.74
16728,30,-7.52,0.64,8.16
7948,30,5.44,2.05,3.4
9013,35,-0.44,5.2,5.64
23358,63,-3.93,-2.78,1.15
2112,72,-0.19,3.07,3.26
14890,38,-7.48,0.52,8.0
20156,24,0.87,3.57,2.7
21063,66,-9.61,-3.99,5.62
3634,2,-5.87,0.6,6.47
5732,57,3.64,-2.66,6.3
3089,46,-0.29,2.59,2.88
2283,59,7.52,0.92,6.6
6504,76,1.12,1.18,0.06
7734,14,-9.61,-3.9,5.71
21496,4,-2.96,0.29,3.25
6281,56,1.7,1.0,0.7
10691,13,0.83,5.24,4.41
13355,9,0.92,1.13,0.21
6657,67,0.87,4.77,3.9
14282,23,7.57,-1.31,8.88
11441,50,1.8,2.46,0.66
14603,30,-5.15,3.9,9.05
22480,34,9.17,5.6,3.57
24629,60,-4.61,3.95,8.56
7574,86,0.24,2.07,1.83
18183,5,4.42,2.85,1.57
3854,17,-9.32,-1.39,7.93
24952,28,4.56,4.94,0.38
8397,44,8.16,3.94,4.22
21516,19,-4.42,-0.09,4.33
7510,94,6.07,1.55,4.52
7725,60,5.29,3.79,1.5
4786,86,1.94,5.3,3.36
12954,68,8.4,4.81,3.59
18340,31,7.52,5.0,2.52
21188,21,-2.67,-1.66,1.01
19583,31,2.28,1.69,0.59
15825,46,-7.91,-1.52,6.39
22538,91,0.39,1.29,0.9
14106,9,6.36,2.09,4.27
22402,90,0.39,2.15,1.76
11425,40,3.93,-0.87,4.8
13735,27,-4.95,0.79,5.74
13869,50,2.86,1.15,1.71
6946,33,-8.45,-5.23,3.22
21959,3,3.2,1.04,2.16
8363,15,-9.61,-5.71,3.9
2028,20,0.39,2.53,2.14
5818,68,8.3,5.02,3.28
6604,45,-6.17,3.39,9.56
10664,22,-0.39,1.15,1.54
21204,10,-6.31,2.75,9.06
5882,38,3.35,2.02,1.33
22711,52,3.25,3.6,0.35
19053,12,-8.06,-1.81,6.25
15814,79,8.79,4.32,4.47
8789,5,0.53,1.92,1.39
1397,84,0.15,-0.55,0.7
20549,50,-5.29,-2.24,3.05
22116,52,7.77,4.89,2.88
17160,86,-2.43,2.17,4.6
22961,4,-8.5,-2.82,5.68
15498,60,3.59,-1.09,4.68
3042,60,6.94,4.6,2.34
8304,0,-8.25,0.79,9.04
22547,48,2.77,1.43,1.34
7654,69,4.95,1.91,3.04
11126,11,-0.78,3.1,3.88
19050,26,8.74,4.13,4.61
21753,74,6.46,1.26,5.2
12936,22,6.26,2.84,3.42
4097,15,-9.27,-3.2,6.07
23226,88,1.41,3.12,1.71
3318,12,8.98,-1.0,9.98
3550,47,-1.07,3.32,4.39
5509,39,-5.73,-0.03,5.7
14809,54,6.36,1.35,5.01
4748,57,-0.29,3.26,3.55
4828,32,5.0,-0.91,5.91
20650,24,-0.63,-0.84,0.21
12029,6,8.64,0.13,8.51
1587,86,5.19,2.0,3.19
23625,1,-4.08,-0.55,3.53
19562,52,1.89,3.48,1.59
11816,19,-0.39,-0.17,0.22
22577,8,-4.66,-3.01,1.65
6955,16,-3.01,-1.4,1.61
13475,75,0.34,2.49,2.15
21273,90,-7.23,0.45,7.68
18360,13,1.99,4.88,2.89
11134,20,2.14,5.02,2.88
12575,82,7.82,3.89,3.93
13415,27,7.48,2.64,4.84
24924,33,-8.45,-1.19,7.26
11790,55,6.55,4.49,2.06
24226,51,3.5,3.68,0.18
949,55,-6.84,3.51,10.35
17082,19,-9.85,-2.25,7.6
9560,58,-1.65,0.08,1.73
15717,68,-5.49,1.0,6.49
21306,24,-1.94,-4.06,2.12
24852,79,6.5,5.19,1.31
11605,99,1.36,3.5,2.14
16415,80,8.25,1.73,6.52
4505,7,-0.92,0.96,1.88
20414,60,4.51,-2.54,7.05
13433,55,-0.29,2.67,2.96
2249,64,3.93,4.07,0.14
1162,36,3.83,-2.98,6.81
3111,13,6.41,5.97,0.44
2022,69,4.03,3.08,0.95
12471,61,-5.39,2.94,8.33
10547,49,-3.11,5.01,8.12
3069,69,0.1,-2.26,2.36
3513,62,5.49,3.93,1.56
7711,61,3.25,5.13,1.88
6628,71,-4.61,0.25,4.86
20136,48,2.04,1.57,0.47
8092,45,8.35,1.81,6.54
838,40,8.06,0.14,7.92
24328,26,1.31,3.22,1.91
23596,8,-7.82,-3.46,4.36
10028,99,-2.86,1.96,4.82
19853,53,2.77,3.87,1.1
20575,17,1.17,1.93,0.76
11332,4,-0.15,0.66,0.81
1036,10,5.68,4.06,1.62
10680,67,-3.5,0.19,3.69
9294,37,8.98,4.03,4.95
15194,82,3.35,2.24,1.11
12794,61,1.99,2.41,0.42
22783,92,5.34,3.9,1.44
22597,7,-8.25,-3.14,5.11
9100,66,-2.91,-2.03,0.88
10675,12,-6.94,-3.69,3.25
20562,4,7.23,0.53,6.7
15047,66,-0.15,2.71,2.86
23005,20,0.73,2.33,1.6
24723,67,-1.07,3.36,4.43
873,53,7.14,2.49,4.65
14540,38,-1.07,-2.21,1.14
22287,38,2.09,2.25,0.16
939,43,3.88,-0.54,4.42
13237,1,-3.83,0.52,4.35
2680,16,-4.13,-1.69,2.44
15837,87,1.07,1.01,0.06
15886,97,-5.0,-3.72,1.28
4877,50,3.01,-2.19,5.2
23553,40,-9.61,0.96,10.57
1785,26,8.06,3.9,4.16
23648,68,4.32,5.45,1.13
17082,42,7.09,-2.22,9.31
23367,21,-6.65,3.29,9.94
19568,52,-6.75,4.02,10.77
9433,63,-3.25,-2.93,0.32
3755,32,0.05,1.15,1.1
5228,18,5.29,-0.94,6.23
21741,46,0.24,5.53,5.29
20611,45,-0.58,-0.21,0.37
11059,41,7.72,4.25,3.47
5366,8,-9.27,-1.4,7.87
2764,43,8.59,-0.74,9.33
24361,86,1.7,-0.69,2.39
20543,44,-8.5,-1.32,7.18
18070,1,9.03,2.4,6.63
12918,13,1.89,4.65,2.76
18026,9,-7.33,-1.69,5.64
11698,61,-3.64,2.03,5.67
10845,38,4.9,2.01,2.89
18986,2,-1.26,-6.22,4.96

N = 200                  Did Recommend            Did not Recommend        
Should Recommend         4                        42                       
Should not Recommend     9                        145                      

Precision: 0.308
Recall: 0.087
F-1 Measure: 0.136
Overall Accuracy: 0.745
MAE: 3.92
-----------------------------------
3828,27,3.3,-1.64,4.94
6673,34,5.1,4.53,0.57
19179,23,-2.96,-4.13,1.17
20128,34,9.22,3.6,5.62
20734,59,1.02,-1.86,2.88
3663,41,1.75,-3.65,5.4
19828,6,3.83,-0.06,3.89
12982,60,2.33,4.18,1.85
24830,42,-4.47,-1.11,3.36
3199,27,7.23,3.45,3.78
10219,11,1.99,-4.01,6.0
19940,8,3.16,-4.32,7.48
18005,50,-0.34,-1.02,0.68
18826,27,-1.31,0.99,2.3
2360,9,1.55,-1.1,2.65
3094,8,6.21,0.12,6.09
11959,0,2.43,3.3,0.87
1106,48,6.5,4.31,2.19
12619,59,3.11,0.65,2.46
2592,51,-3.79,-2.81,0.98
20424,18,4.13,1.01,3.12
17953,55,1.17,4.82,3.65
8329,56,-9.71,-6.01,3.7
16614,50,6.17,2.42,3.75
5292,22,1.26,0.76,0.5
3498,35,6.07,5.27,0.8
20123,33,-1.5,-0.7,0.8
15680,51,1.26,0.08,1.18
6101,23,6.46,3.7,2.76
21896,73,-9.22,-4.07,5.15
21620,58,-9.42,-1.44,7.98
1006,34,-0.29,3.06,3.35
4775,18,-4.27,-1.74,2.53
22438,39,2.57,4.64,2.07
5636,96,2.57,-0.21,2.78
18903,96,0.24,2.08,1.84
16128,19,1.07,2.54,1.47
13965,51,2.38,5.08,2.7
15708,11,-4.42,-0.66,3.76
17329,28,-0.58,3.9,4.48
2946,47,8.64,3.61,5.03
10585,6,2.82,-1.12,3.94
21004,11,-4.17,0.84,5.01
17143,59,3.88,0.49,3.39
22126,41,5.97,6.33,0.36
10799,53,7.57,6.26,1.31
10269,38,-2.43,2.4,4.83
5620,10,1.55,5.97,4.42
13105,59,0.24,-0.46,0.7
19195,50,1.07,-4.12,5.19
24400,83,-0.78,0.31,1.09
2380,5,-0.19,-0.91,0.72
1704,22,0.73,-0.93,1.66
3222,23,-7.77,-6.02,1.75
22671,50,4.9,2.28,2.62
20874,32,-7.33,-4.07,3.26
6409,11,-5.44,-2.49,2.95
3586,52,7.82,5.2,2.62
21579,47,3.2,5.0,1.8
18445,55,-0.05,4.16,4.21
2778,7,-1.8,-0.79,1.01
9089,41,-8.35,0.26,8.61
9085,4,5.44,1.08,4.36
3744,51,1.94,1.86,0.08
9970,12,-7.43,-0.33,7.1
6357,58,-7.62,-0.44,7.18
20851,27,-0.34,5.18,5.52
623,57,1.55,-3.46,5.01
5271,95,7.57,3.75,3.82
14221,90,0.0,2.32,2.32
21276,71,-4.17,3.53,7.7
11465,55,-0.58,2.31,2.89
2596,54,-3.2,1.4,4.6
15594,29,0.39,-3.15,3.54
23488,46,5.63,2.7,2.93
2112,50,-1.21,3.47,4.68
788,21,-0.97,0.6,1.57
13575,68,8.64,1.62,7.02
17485,81,5.78,0.88,4.9
9196,43,-7.09,-6.36,0.73
5639,22,0.92,1.01,0.09
6178,62,6.26,1.93,4.33
7134,62,3.35,-2.07,5.42
11500,26,-3.06,4.92,7.98
5872,58,-3.4,-3.49,0.09
20010,46,6.84,4.76,2.08
8626,0,1.65,3.0,1.35
24039,85,7.43,1.18,6.25
8208,18,6.65,0.58,6.07
16511,18,-2.23,1.59,3.82
19658,33,5.19,0.56,4.63
24925,68,-1.21,5.3,6.51
12334,49,3.45,4.36,0.91
9595,92,7.72,4.24,3.48
9173,42,-9.17,-5.83,3.34
23664,19,3.3,2.21,1.09
8074,66,0.83,-1.3,2.13
18867,45,4.08,-1.29,5.37
11457,38,7.91,1.67,6.24
23937,20,4.51,3.52,0.99
2298,60,2.77,3.88,1.11
1953,92,1.07,1.78,0.71
22564,31,4.47,3.85,0.62
14191,67,-2.96,2.55,5.51
2461,14,-3.16,-4.71,1.55
10475,47,-5.63,-0.33,5.3
5251,28,-2.91,3.71,6.62
3830,89,-0.92,3.22,4.14
12241,32,-8.59,-2.79,5.8
920,17,-3.4,0.3,3.7
11159,3,0.15,-2.88,3.03
23978,72,3.3,3.31,0.01
15664,98,5.92,0.44,5.48
11904,18,-7.14,-3.87,3.27
21772,61,5.92,3.03,2.89
13332,58,-1.21,1.12,2.33
16279,69,1.46,1.36,0.1
14123,47,5.24,2.66,2.58
1135,44,-2.18,1.03,3.21
18274,10,4.27,3.03,1.24
22586,9,-2.57,3.88,6.45
12614,7,5.97,0.84,5.13
19445,1,8.25,-0.83,9.08
14273,17,-5.39,-0.76,4.63
2881,56,-5.63,0.74,6.37
23268,1,-3.01,2.86,5.87
13252,22,6.75,3.75,3.0
5254,79,-8.59,-1.91,6.68
19897,18,2.91,-1.77,4.68
5021,51,-4.32,-1.26,3.06
4573,47,-3.83,3.2,7.03
16763,65,-1.46,3.96,5.42
17603,46,5.92,-0.24,6.16
85,73,0.19,-0.53,0.72
22133,17,-4.61,-2.18,2.43
10171,61,-0.83,3.9,4.73
14319,8,2.96,0.37,2.59
11146,89,2.96,1.82,1.14
9543,53,6.12,4.64,1.48
13391,30,6.8,4.94,1.86
24570,96,8.5,3.23,5.27
11101,82,6.55,3.35,3.2
23342,35,4.17,4.12,0.05
2943,56,-8.54,-5.76,2.78
15808,13,8.74,2.39,6.35
430,22,-1.17,-1.77,0.6
21866,73,0.92,-2.16,3.08
4647,5,3.88,5.32,1.44
9797,10,-3.25,0.63,3.88
15642,47,8.54,3.33,5.21
13362,17,4.47,2.08,2.39
14708,59,8.88,-2.06,10.94
8715,17,3.45,-2.67,6.12
661,54,-4.51,0.66,5.17
23415,61,7.72,5.4,2.32
8938,49,-1.21,5.05,6.26
6569,64,6.17,2.38,3.79
2426,8,2.96,0.55,2.41
16296,88,8.88,1.99,6.89
10022,18,7.09,1.13,5.96
12839,53,6.55,5.74,0.81
7549,61,6.7,0.95,5.75
9748,28,1.89,4.01,2.12
7145,14,3.35,-0.52,3.87
10968,40,8.98,1.36,7.62
8727,4,-8.54,-2.27,6.27
13991,18,1.36,2.19,0.83
7903,14,-4.13,-3.15,0.98
2784,27,-3.2,-0.39,2.81
3490,75,2.57,4.53,1.96
16907,61,5.44,3.78,1.66
6699,9,-6.5,-1.82,4.68
3151,68,3.5,0.37,3.13
7823,15,-8.88,-4.3,4.58
15114,68,2.09,5.42,3.33
8997,46,1.84,1.95,0.11
5477,86,0.68,2.17,1.49
22255,40,-6.46,-1.98,4.48
6546,49,2.91,1.45,1.46
5381,50,-6.02,-2.75,3.27
11809,95,-0.15,2.83,2.98
4591,24,-1.94,-3.73,1.79
16691,37,-4.27,-0.83,3.44
5315,26,3.2,4.65,1.45
23688,5,8.2,5.22,2.98
14991,8,-7.14,-2.9,4.24
18292,65,6.7,-0.27,6.97
11307,70,3.2,0.3,2.9
3174,54,0.15,0.57,0.42
46,57,3.4,-0.25,3.65
11193,15,-7.72,-4.88,2.84
7699,60,5.73,3.65,2.08
24057,44,0.34,0.86,0.52
5630,12,4.66,-2.8,7.46
17338,97,5.83,-2.69,8.52
14250,57,-5.87,-6.52,0.65
13706,67,-2.86,1.91,4.77
2254,52,-3.2,1.57,4.77
18467,51,5.92,1.14,4.78
8867,33,0.39,0.26,0.13

N = 200                  Did Recommend            Did not Recommend        
Should Recommend         7                        44                       
Should not Recommend     8                        141                      

Precision: 0.467
Recall: 0.137
F-1 Measure: 0.212
Overall Accuracy: 0.74
MAE: 3.49
-----------------------------------
7651,86,7.96,4.33,3.63
7891,57,-9.9,-5.41,4.5
5407,34,1.84,4.27,2.43
13609,6,-0.39,-0.38,0.01
6526,7,-9.71,-1.85,7.86
707,46,-8.4,-0.1,8.3
7931,87,9.27,3.91,5.36
5997,0,3.83,1.99,1.84
2310,45,2.91,3.16,0.25
571,41,2.43,1.67,0.76
17135,73,1.99,-0.93,2.92
8855,4,0.15,1.05,0.9
103,43,-6.8,-4.15,2.65
20850,49,2.43,4.1,1.67
14294,2,8.4,3.87,4.53
5465,78,-4.32,-0.15,4.17
23526,82,3.16,-0.09,3.25
3872,65,7.67,3.62,4.05
13675,22,-2.52,-2.33,0.19
5937,30,9.08,3.33,5.75
8849,43,-2.52,-5.57,3.05
17106,53,1.26,4.04,2.78
19788,15,-7.48,-4.36,3.12
2357,16,2.28,-1.41,3.69
9614,38,6.21,3.08,3.13
23758,11,-2.09,-1.25,0.84
21770,17,-6.02,-2.29,3.73
10406,65,-2.57,3.43,6.0
3220,7,-7.09,-3.78,3.31
5448,34,2.04,6.44,4.4
5053,40,2.48,-1.23,3.71
5784,26,1.5,4.07,2.57
18200,58,-3.35,-0.35,3.0
15343,77,-6.75,1.33,8.08
1366,31,5.73,5.09,0.64
21437,57,-4.17,-6.04,1.87
5734,40,-8.25,-0.94,7.31
23812,63,-5.53,-1.66,3.87
16877,96,2.09,1.3,0.79
11481,96,-4.08,0.74,4.82
22327,46,6.7,4.52,2.18
16888,42,-4.61,-2.82,1.79
24388,97,-0.24,3.51,3.75
13231,2,9.13,-0.99,10.12
6755,16,3.35,-0.75,4.1
18473,1,-3.2,0.7,3.9
10338,68,-0.58,5.38,5.96
11726,68,2.33,5.67,3.34
23097,4,5.68,0.08,5.6
1416,52,-7.86,1.82,9.68
2074,17,4.76,0.57,4.19
15163,11,8.35,5.04,3.31
121,91,4.03,2.25,1.78
19648,34,4.95,3.68,1.27
21715,84,2.52,2.65,0.13
14980,27,-0.39,2.33,2.72
6997,14,-3.98,-2.54,1.44
1223,35,4.32,4.37,0.05
8678,10,-9.85,0.4,10.25
4491,51,6.75,4.45,2.3
15042,40,0.39,1.65,1.26
13023,19,-0.29,1.23,1.52
17647,4,6.55,0.74,5.81
12453,21,2.23,2.17,0.06
9277,68,5.92,5.87,0.05
3307,48,1.5,2.45,0.95
21621,78,5.05,3.6,1.45
8629,96,-6.75,1.62,8.37
11379,0,-6.7,-1.06,5.64
24062,94,-5.15,0.8,5.95
14360,82,6.26,-1.16,7.42
4876,30,4.03,3.78,0.25
7448,22,0.05,2.71,2.66
6027,58,6.94,-1.08,8.02
4740,9,1.65,-2.47,4.12
14171,8,2.28,-2.78,5.06
14065,27,3.45,0.55,2.9
9271,76,6.84,3.34,3.5
21255,45,7.96,2.79,5.17
16124,62,-5.34,-2.13,3.21
21826,96,9.22,1.38,7.84
14003,45,2.18,-1.77,3.95
21669,8,-4.17,-1.75,2.42
1644,11,3.11,4.36,1.25
2752,25,6.36,4.56,1.8
22248,77,0.1,0.13,0.03
6115,17,5.15,-0.02,5.17
6209,59,-6.89,-4.23,2.66
16760,63,7.23,3.38,3.85
271,46,8.16,4.24,3.92
17912,65,7.67,4.46,3.21
18035,98,-8.45,0.92,9.37
8112,62,0.73,5.17,4.44
24046,59,-9.13,-2.09,7.04
21617,6,-0.68,-0.76,0.08
17205,48,7.82,5.25,2.57
4792,6,-6.55,-0.89,5.66
10859,19,4.32,1.19,3.13
17155,76,-3.74,-0.35,3.39
12084,67,8.98,4.51,4.47
1772,31,6.31,4.29,2.02
4548,84,4.37,0.18,4.19
15340,59,-0.34,-1.7,1.36
10730,31,7.23,5.79,1.44
15286,90,-9.56,0.29,9.85
12271,42,1.89,-1.04,2.93
17697,98,-4.56,-1.71,2.85
10666,49,6.89,4.42,2.47
6983,74,-9.9,-1.94,7.96
6830,56,-8.3,-4.61,3.69
1400,71,-0.29,3.16,3.45
19144,14,-3.3,-0.97,2.33
9816,11,-5.29,-1.89,3.4
1730,64,1.41,3.57,2.16
22591,71,8.35,4.32,4.03
9492,42,4.22,2.17,2.05
13111,16,1.46,-1.18,2.64
12891,29,6.75,3.52,3.23
18111,41,-0.83,2.47,3.3
4608,14,-7.38,-3.38,4.0
1822,23,-0.34,-3.13,2.79
5619,26,4.66,4.33,0.33
2532,12,-0.87,-1.99,1.12
20278,37,-6.17,3.76,9.93
17195,17,6.46,1.27,5.19
14092,92,1.5,3.2,1.7
15125,62,-1.65,2.91,4.56
13132,57,-4.51,-4.62,0.11
13071,46,8.64,4.43,4.21
14993,25,5.73,4.25,1.48
1908,26,4.76,3.8,0.96
15006,17,-0.34,-1.95,1.61
10008,1,-3.25,-1.6,1.65
5101,12,-0.83,-2.07,1.24
9215,3,5.97,-0.21,6.18
576,69,-9.76,-2.0,7.76
3767,63,1.5,2.34,0.84
9612,36,-6.31,-4.81,1.5
11574,57,0.58,-7.31,7.89
11658,4,2.91,2.32,0.59
16745,60,0.92,2.6,1.68
15498,54,9.08,1.2,7.88
5053,2,-3.01,-1.1,1.91
6232,90,9.03,4.61,4.42
13760,54,4.03,1.96,2.07
19845,11,-3.79,2.18,5.97
18281,48,2.33,2.58,0.25
17811,30,-8.79,1.46,10.25
7374,20,3.54,1.21,2.33
813,47,3.4,3.33,0.07
24498,77,4.61,2.84,1.77
13349,58,3.01,1.14,1.87
3103,77,2.52,3.25,0.73
17314,1,2.62,-3.09,5.71
5264,13,-0.49,4.81,5.3
20221,12,3.88,-1.69,5.57
21003,54,-3.88,0.95,4.83
14467,53,-1.8,-2.81,1.01
7911,50,5.49,2.72,2.77
17410,16,-2.72,-6.36,3.64
16324,88,-8.79,4.56,13.35
22729,69,-7.04,-0.63,6.41
16952,97,-4.66,3.52,8.18
8722,83,-2.91,1.87,4.78
6350,33,4.37,3.13,1.24
13760,86,5.34,2.52,2.82
1628,45,0.1,4.07,3.97
11205,28,3.79,3.11,0.68
12349,88,8.3,5.36,2.94
3200,52,2.04,2.67,0.63
13710,54,-4.71,-0.7,4.01
11994,90,4.27,1.68,2.59
22505,47,5.92,0.75,5.17
15934,25,-4.37,0.28,4.65
3119,71,3.69,3.68,0.01
5426,33,-4.42,2.86,7.28
7974,5,5.63,0.13,5.5
2180,43,3.16,1.03,2.13
10910,46,0.68,-0.89,1.57
18515,48,2.48,1.75,0.73
517,35,8.83,3.1,5.73
13938,47,8.16,1.11,7.05
10746,45,-4.76,-1.06,3.7
6575,48,4.08,4.02,0.06
22533,55,3.06,2.78,0.28
20452,16,-7.86,-3.0,4.86
2662,10,-0.58,2.94,3.52
17910,34,7.33,4.02,3.31
10466,62,5.34,0.15,5.19
5336,0,4.47,-0.35,4.82
7952,68,3.3,4.94,1.64
14939,53,2.38,4.65,2.27
2232,41,3.88,3.34,0.54
10382,37,-7.09,-2.5,4.59
15407,11,-5.49,-0.88,4.61
18411,57,-5.92,-2.15,3.77
1541,86,0.19,-0.38,0.57
20309,62,-4.51,1.6,6.11
7829,4,-1.46,0.38,1.84
4124,85,-1.65,-0.29,1.36

N = 200                  Did Recommend            Did not Recommend        
Should Recommend         6                        41                       
Should not Recommend     4                        149                      

Precision: 0.6
Recall: 0.128
F-1 Measure: 0.211
Overall Accuracy: 0.775
MAE: 3.54
-----------------------------------
4822,41,4.85,5.35,0.5
7139,67,1.5,3.17,1.67
15524,46,2.82,2.76,0.06
10018,11,-0.53,4.28,4.81
3192,22,1.21,1.02,0.19
11950,25,-7.62,3.84,11.46
7814,30,3.01,5.81,2.8
3139,78,2.62,1.54,1.08
7211,65,2.91,2.36,0.55
20761,72,-0.49,1.84,2.33
23,46,0.39,3.85,3.46
7075,32,-0.97,-0.77,0.2
16006,41,8.06,0.84,7.22
5623,33,5.15,3.39,1.76
7054,73,2.72,-2.57,5.29
24659,68,7.77,2.64,5.13
12132,60,9.27,1.15,8.12
5250,11,1.36,0.19,1.17
6252,17,-0.58,-1.5,0.92
21621,32,7.48,-2.93,10.41
10798,49,8.74,3.65,5.09
9277,19,5.29,1.09,4.2
22663,33,-2.48,-3.57,1.09
2585,73,1.8,-1.34,3.14
24029,78,-1.26,1.81,3.07
22394,42,7.52,2.24,5.28
22960,9,2.91,4.04,1.13
20471,94,7.62,1.73,5.89
22608,67,8.88,5.01,3.87
8045,16,1.07,-3.5,4.57
5661,49,6.5,6.08,0.42
16730,64,2.38,-0.77,3.15
19934,62,7.86,0.63,7.23
9021,17,-5.83,-0.91,4.92
3330,82,-0.29,2.89,3.18
22524,13,-0.78,2.37,3.15
3334,22,-5.19,-2.82,2.37
5192,30,-7.38,-1.08,6.3
8730,43,-0.34,-0.21,0.13
10517,24,-3.69,1.63,5.32
6642,24,1.5,4.63,3.13
8664,17,1.21,-1.79,3.0
3155,4,6.17,-1.1,7.27
4508,31,7.62,2.06,5.56
24908,43,-8.3,-5.08,3.22
1322,14,-9.03,-2.11,6.92
12306,48,5.83,3.08,2.75
6810,94,-0.44,1.65,2.09
17724,5,3.59,2.57,1.02
13611,58,0.53,0.21,0.32
14514,16,7.52,-0.56,8.08
3650,47,9.32,6.09,3.23
9435,23,-3.93,-3.51,0.42
14442,28,7.33,5.61,1.72
19061,37,6.6,2.86,3.74
1686,94,7.14,1.29,5.85
24788,60,5.34,3.76,1.58
6177,33,1.07,4.36,3.29
8690,68,5.15,3.02,2.13
13774,15,-6.31,-2.18,4.13
7098,13,3.3,3.66,0.36
19351,37,-3.69,-1.89,1.8
22955,54,-3.01,-0.84,2.17
14150,54,8.79,0.14,8.65
11460,41,4.47,3.83,0.64
4727,17,3.93,-1.58,5.51
8960,22,0.0,-2.91,2.91
12138,97,0.39,2.1,1.71
17550,64,3.2,4.29,1.09
16868,16,-7.77,-2.3,5.47
1335,13,-0.39,0.81,1.2
19827,19,3.83,-2.11,5.94
21190,40,6.6,3.14,3.46
23234,56,-6.17,-1.47,4.7
4842,6,9.27,-0.99,10.26
11998,17,-4.51,-0.84,3.67
7094,52,6.94,2.05,4.89
23455,17,3.3,-1.26,4.56
11328,74,-6.65,-0.02,6.63
5829,57,-9.56,-3.58,5.98
9522,67,3.3,5.57,2.27
13384,60,6.94,2.7,4.24
8534,62,3.98,-0.17,4.15
11235,8,-0.49,0.21,0.7
24490,1,7.09,0.71,6.38
22808,68,2.82,4.37,1.55
6846,38,3.06,4.07,1.01
799,37,3.69,0.79,2.9
483,86,-3.06,2.96,6.02
23642,22,-6.26,-5.37,0.89
21674,44,-7.38,2.34,9.72
15475,19,-0.63,-2.05,1.42
11272,39,4.22,-1.41,5.63
13189,34,3.98,5.81,1.83
3492,37,1.21,2.36,1.15
11158,64,5.29,6.31,1.02
16989,54,1.12,1.3,0.18
18181,0,7.48,2.47,5.01
12889,55,2.72,5.45,2.73
12434,55,-4.32,2.15,6.47
21408,42,5.05,1.37,3.68
20995,59,-0.15,-0.34,0.19
24880,1,4.56,-0.29,4.85
20776,92,1.36,4.32,2.96
9745,28,-0.83,1.84,2.67
7995,59,-8.5,0.3,8.8
17130,7,9.27,-0.76,10.03
1856,68,-0.1,4.68,4.78
1895,30,-0.97,2.11,3.08
20329,54,4.95,0.54,4.41
11293,54,-7.38,-1.01,6.37
19024,69,3.5,2.36,1.14
23753,44,0.53,0.44,0.09
11757,15,3.83,-2.63,6.46
12530,49,1.36,4.8,3.44
10922,49,2.82,-0.2,3.02
24032,7,0.19,-1.78,1.97
17626,58,5.83,3.44,2.39
17965,21,3.5,3.03,0.47
16549,2,-9.9,0.3,10.2
19055,86,8.83,2.84,5.99
7954,82,1.02,1.92,0.9
16843,35,5.73,4.76,0.97
23296,6,-8.45,-0.77,7.68
2963,9,8.83,4.11,4.72
13683,16,1.31,-0.22,1.53
22271,27,-8.83,1.57,10.4
10258,14,-1.75,-2.11,0.36
15597,27,-3.35,3.87,7.22
13460,16,-8.3,-3.49,4.81
8229,35,6.84,4.51,2.33
9532,49,5.1,5.07,0.03
17150,26,4.51,4.92,0.41
958,97,4.61,2.97,1.64
21732,11,1.6,3.02,1.42
2256,38,2.52,0.75,1.77
17247,15,-7.09,-0.93,6.16
11409,95,8.74,3.75,4.99
9568,84,1.21,-1.47,2.68
20700,46,8.83,5.81,3.02
15594,51,-3.74,-4.96,1.22
4739,15,4.51,-2.03,6.54
3781,10,2.23,1.61,0.62
24922,3,1.65,2.35,0.7
16835,94,-7.91,-1.44,6.47
9023,80,8.69,2.15,6.54
21940,68,3.69,2.22,1.47
11517,58,1.07,-0.94,2.01
15698,12,3.16,0.05,3.11
9250,95,7.33,2.08,5.25
2959,18,2.62,0.38,2.24
18887,48,4.17,4.22,0.05
24839,58,5.24,2.93,2.31
20231,60,0.1,-3.21,3.31
11540,4,3.83,2.62,1.21
16899,47,-1.12,2.67,3.79
5007,40,2.72,-2.33,5.05
15201,61,2.14,2.66,0.52
7342,46,8.88,3.77,5.11
20652,24,6.02,0.98,5.04
22109,64,8.59,1.09,7.5
6873,24,-4.17,-4.2,0.03
13964,13,3.5,2.77,0.73
19438,96,-2.09,-1.3,0.79
3263,36,5.05,-0.29,5.34
11195,65,4.22,3.44,0.78
16468,44,-2.14,3.03,5.17
17488,45,-3.88,3.12,7.0
23679,7,-5.24,-1.77,3.47
1909,60,0.58,2.55,1.97
914,44,7.82,-0.28,8.1
21087,16,-2.52,-2.1,0.42
22469,38,-3.5,5.3,8.8
8191,94,-0.29,-1.92,1.63
18789,37,-3.06,0.47,3.53
14792,86,3.98,2.85,1.13
21453,66,-9.61,-4.1,5.51
3258,65,-0.29,4.08,4.37
6817,15,7.18,-3.49,10.67
1936,35,9.32,4.73,4.59
17127,19,-9.71,-1.97,7.74
1191,22,4.76,0.26,4.5
9077,60,2.86,4.66,1.8
21424,42,1.41,0.35,1.06
1347,3,-6.41,-6.21,0.2
4935,37,5.73,4.47,1.26
8284,61,7.52,5.36,2.16
12224,60,3.54,5.9,2.36
208,27,5.97,2.72,3.25
16489,34,-3.11,4.11,7.22
3121,21,-0.29,3.54,3.83
11774,55,-0.24,-0.25,0.01
6626,15,-8.88,-2.93,5.95
21160,56,6.65,-2.49,9.14
2145,14,-5.97,-5.42,0.55
21189,15,-2.43,-5.62,3.19
20874,60,3.4,-0.84,4.24
8203,68,5.49,4.06,1.43
15513,0,2.77,2.34,0.43
3126,36,-9.22,-4.22,5.0

N = 200                  Did Recommend            Did not Recommend        
Should Recommend         8                        47                       
Should not Recommend     7                        138                      

Precision: 0.533
Recall: 0.145
F-1 Measure: 0.228
Overall Accuracy: 0.73
MAE: 3.59
-----------------------------------
14418,26,6.7,5.05,1.65
11321,69,-1.12,-2.6,1.48
1068,57,0.44,-3.38,3.82
5815,64,7.23,6.19,1.04
19172,48,8.11,4.85,3.26
12737,30,7.18,5.49,1.69
18541,65,7.23,4.49,2.75
3357,13,5.15,-0.09,5.24
21099,41,7.48,4.03,3.45
16949,16,-6.31,-0.23,6.08
15146,7,-1.26,-0.7,0.56
20579,49,-7.52,4.49,12.01
4904,77,6.65,2.1,4.55
7853,6,-0.24,-2.51,2.27
5199,95,3.3,2.41,0.89
7384,53,5.1,3.8,1.3
19539,32,-6.41,-3.39,3.02
10183,11,9.08,3.05,6.03
7778,67,5.19,5.14,0.05
23436,36,-0.44,-1.66,1.22
10717,52,6.21,2.0,4.21
17841,43,-8.88,-1.06,7.82
22353,42,-7.96,-4.14,3.82
21755,87,7.38,2.59,4.79
8365,81,2.52,0.85,1.67
19337,68,2.72,5.62,2.9
24155,9,9.13,3.48,5.65
4219,67,3.93,1.4,2.53
14891,55,8.59,-0.24,8.83
5837,12,-4.95,-3.13,1.82
8282,37,6.84,6.18,0.66
12806,41,-0.78,2.68,3.46
21401,51,8.25,0.44,7.81
7066,20,3.54,5.19,1.65
4791,65,4.08,4.05,0.03
15222,58,-6.8,-0.59,6.21
9999,17,-4.95,-0.56,4.39
3061,78,0.87,-0.35,1.22
8938,12,5.58,0.65,4.93
12140,27,5.24,4.61,0.63
23814,33,-8.3,-2.68,5.62
9389,70,7.14,0.26,6.88
20712,24,3.01,4.01,1.0
7007,26,-3.74,4.05,7.79
20263,52,6.55,4.09,2.46
13768,4,0.78,1.56,0.78
3549,43,-3.69,-4.56,0.87
24557,62,-5.29,-0.03,5.26
2338,52,9.22,4.98,4.24
6919,0,5.58,0.43,5.15
3403,47,8.45,3.01,5.44
21862,52,-1.94,3.46,5.4
17402,15,-9.71,-4.42,5.29
16032,43,-8.4,-6.01,2.39
11003,12,-7.48,-5.1,2.38
21557,16,3.69,-0.58,4.27
3245,32,-0.58,-1.75,1.17
24670,34,-4.27,4.08,8.35
22384,84,8.74,1.96,6.78
10022,54,7.04,3.4,3.64
4324,45,-8.16,-5.61,2.55
3091,63,3.98,-1.33,5.31
9842,18,4.9,0.25,4.65
6951,92,3.79,2.09,1.7
8150,16,-0.49,-2.85,2.36
8515,4,4.51,0.67,3.84
6605,55,3.93,4.4,0.47
5050,60,6.21,4.35,1.86
9353,53,5.05,2.15,2.9
13140,25,3.45,2.11,1.34
10130,74,-2.23,0.77,3.0
4768,27,2.38,-0.14,2.52
6062,55,2.82,4.53,1.71
6997,62,-3.4,0.92,4.32
15258,49,-9.51,4.13,13.64
4286,10,-5.44,1.77,7.21
15063,42,2.14,-0.57,2.71
10853,96,6.75,-0.4,7.15
1152,18,1.21,-0.28,1.49
20497,61,1.55,4.12,2.57
11372,16,1.31,-1.3,2.61
16848,60,5.63,3.74,1.89
11769,62,-2.62,2.16,4.78
3084,37,8.4,0.4,8.01
10084,10,-4.56,1.57,6.13
19941,32,1.46,1.83,0.37
10894,24,4.9,3.21,1.69
15910,67,-4.17,4.67,8.84
15467,52,-0.78,3.24,4.02
12870,6,-3.4,0.4,3.8
11776,60,9.08,4.6,4.48
17670,20,6.26,4.84,1.42
7540,45,-0.34,0.09,0.43
22473,26,-6.55,2.26,8.81
11382,80,6.6,2.93,3.67
23592,43,-3.45,-1.4,2.05
15837,93,4.71,-0.8,5.51
17201,15,-1.8,-1.99,0.19
1548,43,-9.32,-4.63,4.69
810,40,-0.68,0.38,1.06
8448,41,-1.46,2.31,3.77
13625,66,-6.5,-3.47,3.03
20378,62,4.37,0.14,4.23
12496,20,-6.26,3.49,9.75
13549,9,0.34,-2.82,3.16
20653,10,3.59,5.22,1.63
21619,49,2.09,3.0,0.91
16824,37,8.4,2.11,6.29
13773,6,-7.77,-2.19,5.58
5347,49,8.93,3.65,5.28
7959,19,0.49,-0.74,1.23
24542,67,0.73,1.67,0.94
542,21,8.93,-0.37,9.3
24514,47,1.94,1.16,0.78
297,14,6.36,-0.69,7.05
15530,8,-3.79,-4.11,0.32
6080,7,1.55,-2.2,3.75
12383,74,2.57,0.89,1.68
15196,58,-6.12,-4.7,1.42
19368,78,5.63,4.04,1.59
20901,35,-1.12,4.04,5.16
17700,33,-7.67,-1.58,6.09
20455,28,-6.36,1.9,8.26
20409,23,-4.47,-3.82,0.65
976,56,0.44,-4.44,4.88
176,87,-3.54,0.75,4.29
656,38,-4.81,1.43,6.24
2441,33,6.12,-0.34,6.46
9212,89,6.89,-1.7,8.59
21313,1,7.67,2.64,5.03
10962,1,7.18,0.77,6.41
6156,20,8.4,4.99,3.41
11963,58,0.24,-3.13,3.37
17793,13,-0.53,0.13,0.66
952,29,-4.17,-1.66,2.51
20252,55,5.19,5.3,0.11
24573,6,2.62,-1.54,4.16
11105,42,5.49,-0.18,5.67
14478,34,6.75,3.65,3.1
5613,18,1.84,0.79,1.05
17265,7,-5.15,0.6,5.75
8726,52,5.24,4.5,0.74
22157,80,5.34,0.62,4.72
2904,98,-2.62,-0.93,1.69
21198,92,5.19,4.12,1.07
2614,55,8.79,5.01,3.78
23491,59,-2.43,0.58,3.01
11865,24,6.07,-0.81,6.88
8665,30,-1.55,5.41,6.96
4891,55,-4.17,-1.63,2.54
18096,30,-4.56,3.52,8.08
8934,73,-1.84,-2.37,0.53
6140,24,5.68,3.55,2.13
19475,54,6.46,-4.2,10.66
2569,28,7.48,3.84,3.64
9867,33,-2.33,0.58,2.91
17323,20,-1.65,1.41,3.06
20810,63,3.3,-1.19,4.49
13741,27,9.17,4.39,4.78
23898,32,7.67,2.55,5.12
359,80,-4.08,2.87,6.95
16053,51,-2.96,-0.24,2.72
2992,73,-7.77,-2.18,5.59
14236,30,6.99,4.78,2.21
21892,56,-7.82,-2.53,5.29
8516,56,-7.91,-5.13,2.78
444,67,7.96,5.93,2.03
3263,39,3.59,-0.51,4.1
17772,81,3.79,1.88,1.91
1876,31,7.91,4.67,3.24
19443,33,5.34,4.54,0.8
7018,95,0.39,-0.48,0.87
10659,53,7.33,5.97,1.36
12546,27,-7.14,1.51,8.65
18599,16,3.16,0.72,2.44
15346,71,-0.05,1.64,1.69
4524,6,-8.01,-2.45,5.56
11900,67,0.15,4.73,4.58
18107,42,-2.48,-1.55,0.93
18516,49,3.35,5.76,2.41
24691,55,8.98,2.99,5.99
12149,97,-0.44,-0.09,0.35
14325,13,2.48,5.23,2.75
10717,38,4.03,-0.39,4.42
2397,63,3.01,1.57,1.44
7023,13,0.53,0.88,0.35
185,13,5.1,5.83,0.73
1603,69,-2.77,-0.29,2.48
6733,31,2.96,4.12,1.16
13055,2,9.32,-0.77,10.09
16901,43,2.18,-1.93,4.11
3864,52,6.07,5.18,0.89
22607,7,1.21,-0.04,1.25
21646,79,3.06,3.39,0.33
6852,33,-9.47,-1.69,7.78
6692,28,5.0,2.75,2.25
21034,33,1.26,1.24,0.02
23083,16,-4.22,-2.11,2.11
15086,97,8.35,-0.08,8.43
20309,18,3.54,-1.06,4.6

N = 200                  Did Recommend            Did not Recommend        
Should Recommend         11                       57                       
Should not Recommend     6                        126                      

Precision: 0.647
Recall: 0.162
F-1 Measure: 0.259
Overall Accuracy: 0.685
MAE: 3.69
-----------------------------------
22826,4,-9.95,-1.7,8.25
19173,13,8.25,5.35,2.9
3844,11,-5.05,3.88,8.93
915,13,-4.95,-2.16,2.79
21450,35,6.31,4.28,2.03
418,0,-4.51,-1.3,3.21
19436,52,6.6,-0.35,6.95
8997,34,3.83,5.16,1.33
1190,52,1.41,4.58,3.17
20025,63,1.65,0.19,1.46
2819,6,7.86,-0.65,8.51
5390,98,2.28,-2.26,4.54
17173,64,6.07,4.29,1.78
24693,34,5.78,1.76,4.02
17678,49,4.32,3.75,0.57
13686,69,3.06,2.74,0.32
5955,16,-0.58,-1.98,1.4
20862,29,-6.26,-2.31,3.95
14187,77,7.48,2.69,4.79
5736,99,5.83,1.45,4.38
20805,19,8.11,2.3,5.81
2109,29,-0.24,-6.27,6.03
2891,45,8.3,4.34,3.96
20800,69,6.21,1.19,5.02
20133,54,-9.61,-5.02,4.59
20451,4,-2.43,0.82,3.25
23451,72,6.12,5.1,1.02
3265,35,-3.88,4.79,8.67
9787,95,2.72,0.64,2.08
8281,31,6.41,4.05,2.36
13043,13,4.81,5.71,0.9
20292,54,2.86,-1.27,4.13
13695,91,3.69,-0.29,3.98
19835,19,-3.16,-0.95,2.21
24788,18,2.82,-2.33,5.15
8513,1,4.32,1.15,3.17
13840,35,5.34,6.12,0.78
1861,75,0.87,3.67,2.8
6,30,5.15,3.61,1.54
20734,67,-8.11,0.38,8.49
16029,19,3.69,-0.87,4.56
21407,58,-8.69,-0.46,8.23
21593,93,-7.04,-2.48,4.56
7274,12,-1.75,-2.54,0.79
17744,9,1.75,-0.11,1.86
13254,48,3.64,2.22,1.42
2790,10,-3.83,3.99,7.82
5502,42,9.22,2.77,6.45
10938,96,3.59,0.55,3.04
800,20,1.84,5.17,3.33
1945,14,-7.86,-1.52,6.34
338,40,-2.43,1.28,3.71
23257,68,5.87,3.6,2.27
3294,49,6.7,3.97,2.73
652,57,-5.58,-3.04,2.54
16729,51,1.7,3.22,1.52
18375,31,-1.5,4.15,5.65
11576,48,0.87,4.37,3.5
8791,39,-3.79,-0.98,2.81
14191,57,-8.59,-5.36,3.23
7690,35,3.06,4.06,1.0
12515,69,4.13,-0.35,4.48
14438,97,1.17,-0.68,1.85
12350,27,7.86,5.51,2.35
9867,59,-3.01,-2.96,0.05
13111,94,1.6,0.33,1.27
21240,35,1.46,6.21,4.75
13249,0,6.26,3.5,2.76
3957,12,-1.6,-1.46,0.14
4968,30,5.19,3.8,1.39
11633,55,-1.36,3.42,4.78
10189,55,5.0,4.34,0.66
16460,39,-3.88,1.21,5.09
3005,75,0.44,3.48,3.04
16236,84,-6.07,2.06,8.13
280,16,3.11,-0.28,3.39
22004,74,5.0,0.26,4.74
7149,50,1.55,0.59,0.96
15832,57,-1.7,-4.72,3.02
2030,17,-5.24,-4.61,0.63
3399,2,-9.42,-2.22,7.2
4668,50,-1.17,-1.26,0.09
23193,57,2.67,-2.01,4.68
10927,16,1.26,-1.67,2.93
21141,4,-1.5,-1.64,0.14
12239,48,2.43,-0.82,3.25
23439,35,-0.39,-0.01,0.38
20228,19,6.55,0.72,5.83
3797,15,-4.03,-6.26,2.23
10408,34,7.62,5.37,2.25
8014,16,-9.61,-2.49,7.12
778,97,2.77,-1.82,4.59
5849,86,-8.25,0.42,8.67
21821,51,-9.76,-2.72,7.04
10202,32,-3.4,-3.95,0.55
12984,59,-0.29,-1.48,1.19
18246,27,0.0,0.88,0.88
21967,12,2.38,-0.12,2.5
21258,26,5.53,5.2,0.33
20643,56,-8.93,-3.24,5.69
13925,74,7.52,1.92,5.6
24783,51,3.06,1.62,1.44
8739,67,8.16,4.3,3.86
4713,41,5.92,5.9,0.02
7235,31,8.69,1.85,6.84
9418,19,2.33,-0.42,2.75
4812,71,-0.29,3.29,3.58
15445,41,4.9,0.91,3.99
10857,25,0.97,-0.25,1.22
12057,17,-0.29,-1.97,1.68
19758,51,6.94,1.36,5.58
1081,36,-5.15,-3.93,1.22
5163,26,6.5,3.88,2.62
4108,4,-1.21,1.91,3.12
5531,45,0.92,2.71,1.79
12109,72,1.21,0.49,0.72
11872,64,8.3,2.49,5.81
5652,95,2.77,-0.5,3.27
2099,70,-0.78,1.79,2.57
23640,37,1.02,5.17,4.15
8484,2,-9.76,-0.6,9.16
907,30,0.49,-0.15,0.64
19463,18,-9.85,-2.56,7.29
13522,55,2.09,3.74,1.65
5347,65,3.25,2.66,0.59
22868,55,-6.26,2.62,8.88
6931,27,7.09,3.86,3.23
7215,55,0.05,5.91,5.86
6443,3,3.5,-1.71,5.21
6673,3,1.84,3.56,1.72
17858,59,-9.85,-3.32,6.53
714,79,1.75,-1.27,3.02
23954,57,-6.89,-3.54,3.35
1113,61,8.64,2.8,5.84
20198,38,5.1,5.03,0.07
20335,86,-0.39,0.9,1.29
21983,62,0.05,-3.09,3.14
18909,51,-1.21,-0.07,1.14
6695,55,3.88,3.03,0.85
6510,26,3.69,4.25,0.56
3003,30,6.26,2.65,3.61
10917,10,3.59,6.19,2.6
6216,67,-6.12,3.38,9.5
10634,35,5.44,2.92,2.52
13696,57,-8.25,-4.33,3.92
22539,28,1.5,3.48,1.98
9061,53,8.01,3.98,4.03
21880,33,-5.49,-0.72,4.77
9894,74,-0.29,-1.65,1.36
5813,79,2.72,0.15,2.57
6032,94,2.04,2.62,0.58
16713,4,-6.31,-0.33,5.98
24498,94,-0.49,1.47,1.96
14290,82,0.68,-1.4,2.08
20230,71,3.83,1.07,2.76
10232,97,1.5,1.33,0.17
6656,71,7.09,4.14,2.95
22515,61,8.35,4.4,3.95
5063,51,-7.96,-6.54,1.42
23786,25,-1.84,3.33,5.17
7098,4,-7.67,0.66,8.33
4596,20,2.77,4.94,2.17
20778,66,1.5,1.11,0.39
5879,51,1.75,0.09,1.66
1270,18,-8.79,-1.37,7.42
17081,21,2.38,-2.47,4.85
5761,5,8.11,3.42,4.69
21401,53,0.15,3.81,3.66
16508,68,2.33,4.59,2.26
21388,61,-1.75,3.14,4.89
21092,23,3.74,-1.04,4.78
18409,20,7.67,2.69,4.98
3579,56,-6.26,-5.68,0.58
9010,6,2.82,0.25,2.57
12014,7,-0.34,-0.34,0.0
20617,40,-4.56,0.44,5.0
10981,47,5.1,1.91,3.19
24539,4,0.15,1.59,1.44
13920,3,1.75,-2.39,4.14
493,39,-3.88,3.26,7.14
11242,55,1.89,1.73,0.16
6408,8,3.88,-1.57,5.45
2864,52,3.54,4.24,0.7
10494,97,1.7,2.15,0.45
12459,47,2.04,4.22,2.18
22319,3,2.43,3.24,0.81
7750,55,6.17,4.05,2.12
12925,26,9.37,6.64,2.73
5506,56,-4.42,-4.58,0.16
6801,47,8.64,3.17,5.47
22460,11,7.96,6.17,1.79
16743,53,9.22,5.23,3.99
5038,48,6.8,5.37,1.43
21166,1,2.72,2.75,0.03
5106,10,0.87,-0.15,1.02
406,6,-9.66,-0.07,9.59
8883,11,2.77,-2.17,4.94
15686,34,5.78,4.44,1.34
8224,98,3.5,-0.09,3.59
12080,3,3.06,0.53,2.53

N = 200                  Did Recommend            Did not Recommend        
Should Recommend         12                       39                       
Should not Recommend     7                        142                      

Precision: 0.632
Recall: 0.235
F-1 Measure: 0.343
Overall Accuracy: 0.77
MAE: 3.35
-----------------------------------
9173,41,-5.34,3.18,8.52
6554,50,-7.33,-4.0,3.33
12400,8,4.9,-3.37,8.27
24395,59,7.33,2.11,5.21
18945,22,6.41,1.24,5.17
15251,92,0.0,3.0,3.0
4033,2,5.73,0.72,5.01
3622,98,8.54,2.71,5.83
3685,67,0.92,1.61,0.69
16986,62,0.1,-1.28,1.38
23930,31,7.52,4.01,3.51
20221,12,3.88,-1.69,5.57
8120,89,1.6,-2.13,3.73
6901,65,2.33,0.52,1.81
3587,65,1.55,3.36,1.81
11650,24,3.35,1.02,2.33
7419,65,0.19,4.53,4.34
21795,44,0.53,4.14,3.61
2816,24,4.27,4.89,0.62
14492,47,-1.21,3.57,4.78
11301,37,4.51,4.71,0.2
5307,38,1.5,0.85,0.65
8163,34,7.82,5.07,2.75
20274,32,-9.76,-4.29,5.47
16319,48,6.65,6.3,0.35
8739,48,8.45,4.34,4.11
14221,58,-2.09,-3.77,1.68
8317,59,-8.11,-1.65,6.46
12459,46,-0.49,2.37,2.86
6912,86,-7.43,3.2,10.63
19905,7,1.6,-1.2,2.8
17397,3,-7.96,-4.56,3.4
646,43,4.76,-1.68,6.44
24545,65,8.59,3.42,5.17
5897,64,4.56,2.14,2.42
16301,60,8.79,0.69,8.1
7729,25,6.41,5.78,0.63
10037,1,-5.0,0.79,5.79
18574,39,-7.91,0.21,8.12
1718,31,-1.17,2.37,3.54
10413,4,2.96,-1.46,4.42
18190,14,-0.68,-1.1,0.42
12598,74,-3.59,-0.93,2.66
321,71,7.14,2.33,4.81
7136,80,1.21,-0.86,2.07
22904,1,0.1,-2.62,2.72
23541,34,2.28,5.33,3.05
13815,67,5.49,0.1,5.39
18873,23,-6.31,-4.84,1.47
6089,15,-4.76,-2.66,2.1
5723,55,8.69,3.79,4.9
15935,59,9.03,2.72,6.31
1236,34,8.79,3.91,4.88
13471,39,0.68,5.2,4.52
13516,25,5.97,2.97,3.0
3597,40,0.53,-3.48,4.01
21910,20,4.76,1.29,3.47
9897,18,-4.08,-0.48,3.6
5326,57,-0.24,-3.38,3.14
16067,11,5.58,1.43,4.15
11627,36,-8.98,-3.5,5.48
13905,54,7.77,4.13,3.64
12845,55,-3.79,4.84,8.63
7292,0,-0.29,0.42,0.71
6814,23,-4.47,0.33,4.8
8416,9,1.46,5.01,3.55
17706,93,3.83,4.25,0.42
14100,26,-3.16,3.18,6.34
5365,42,-4.37,-2.7,1.67
9068,1,6.7,-0.73,7.43
4114,7,7.04,-0.24,7.28
21796,7,2.67,-0.36,3.03
1726,59,1.26,-0.28,1.54
9172,59,8.45,0.81,7.64
15805,17,5.63,2.66,2.97
24869,34,9.03,3.68,5.35
16933,11,5.39,1.97,3.42
3863,42,4.66,2.02,2.64
16423,16,4.03,-0.76,4.79
7199,37,7.91,4.64,3.27
1386,57,-9.56,-6.19,3.37
605,10,1.55,2.25,0.7
7678,51,1.02,-1.18,2.2
21594,68,-6.65,1.68,8.33
18609,32,7.67,-3.24,10.91
7989,25,6.5,4.5,2.0
20635,52,9.08,1.11,7.97
1959,12,-4.47,-4.06,0.41
2155,52,-7.09,3.79,10.88
12419,30,-9.42,-1.36,8.06
4522,72,0.68,1.68,1.0
734,34,1.75,4.13,2.38
1047,52,7.62,3.44,4.18
19025,62,0.83,-0.33,1.16
21752,17,1.8,-0.38,2.18
2251,41,4.56,2.51,2.05
3145,36,6.21,3.59,2.62
7961,42,5.97,-2.23,8.2
9930,3,-8.06,-3.13,4.93
23033,5,-2.57,2.46,5.03
1797,45,-7.43,-0.88,6.55
8875,55,4.13,4.84,0.71
24556,39,-2.28,3.68,5.96
11772,12,-7.23,-3.77,3.46
1073,62,1.89,-2.39,4.28
18258,59,6.55,2.48,4.07
4367,7,-1.12,-2.3,1.18
16474,32,-7.14,-3.27,3.87
24197,77,4.81,4.86,0.05
3243,18,-9.56,-2.27,7.29
7269,11,0.92,1.54,0.62
4274,46,-6.8,3.6,10.4
12607,26,3.16,5.66,2.5
10279,38,-0.24,1.35,1.59
1416,4,-1.75,0.11,1.86
2398,1,-4.95,0.81,5.76
7992,35,8.74,4.66,4.08
15446,45,1.36,1.94,0.58
8175,84,-0.29,0.58,0.87
7575,37,-4.95,-0.22,4.73
11002,91,-4.13,-0.05,4.08
5281,46,-1.75,0.78,2.53
540,78,4.95,0.91,4.04
23523,5,0.1,2.55,2.45
4982,69,0.05,0.19,0.14
6284,42,-5.24,-2.48,2.76
1507,86,2.86,-0.03,2.89
18492,35,8.88,6.32,2.56
10161,86,4.17,2.92,1.25
11344,28,8.74,4.68,4.06
17421,55,4.51,3.37,1.14
18278,82,7.09,1.5,5.59
8573,6,-3.25,0.15,3.4
969,5,-1.07,-1.29,0.22
9747,20,-7.33,-4.9,2.43
19962,17,-9.56,-2.8,6.76
13220,31,4.22,4.9,0.68
5783,46,1.46,2.92,1.46
846,6,8.25,-1.31,9.56
3556,28,-3.16,0.49,3.65
12388,80,3.2,2.82,0.38
11061,41,5.34,2.45,2.89
18327,46,-2.82,-3.58,0.76
19310,5,0.92,1.7,0.78
15782,30,8.4,2.47,5.93
21846,3,3.11,-4.35,7.46
2580,3,7.43,-0.61,8.04
17325,13,5.87,0.74,5.13
13138,88,5.19,3.45,1.74
21839,8,1.02,-0.26,1.28
8055,20,2.28,4.16,1.88
2524,65,-9.95,1.51,11.46
22701,50,4.37,-0.26,4.63
18821,19,-7.09,-1.42,5.67
23810,23,-0.39,-1.64,1.25
3364,64,-3.83,4.12,7.95
15612,71,-7.72,2.51,10.23
20017,8,-7.43,-2.12,5.31
1595,31,8.25,5.15,3.1
12303,61,8.01,4.87,3.14
21406,1,7.43,-0.85,8.28
22379,34,1.55,6.58,5.03
16599,10,5.53,1.98,3.55
6554,10,-1.41,-1.25,0.16
10022,79,8.45,3.39,5.06
16617,46,-5.49,-3.44,2.05
22948,29,-7.38,-2.15,5.23
12626,69,1.26,4.51,3.25
23157,12,2.62,-0.62,3.24
855,51,0.0,3.26,3.26
8066,69,1.41,1.84,0.43
1601,62,-4.66,2.29,6.95
259,2,5.73,0.73,5.0
15199,60,6.84,4.19,2.65
8742,17,-0.05,-0.15,0.1
2564,22,0.97,-0.81,1.78
8849,36,-5.92,-4.67,1.25
6328,14,-0.15,-2.67,2.52
9937,61,0.68,3.98,3.3
9811,36,-1.02,-1.31,0.29
13628,17,4.81,0.07,4.74
16291,10,-7.38,1.23,8.61
6836,32,-2.62,-5.1,2.48
21373,0,-0.97,0.68,1.65
12172,19,-7.14,-3.0,4.14
3928,87,7.14,3.04,4.1
18046,21,-5.87,-8.35,2.48
16953,58,-2.91,0.18,3.09
12268,7,-2.14,-0.64,1.5
19251,65,8.54,5.09,3.45
6513,17,-2.52,-1.5,1.02
7058,56,6.31,-3.96,10.27
20010,7,8.3,-1.04,9.34
16650,47,4.42,1.57,2.85
19764,17,1.75,-0.62,2.37
24309,52,4.76,3.19,1.57
23855,77,5.19,4.66,0.53
11467,95,2.33,-0.62,2.95
4730,32,2.48,1.02,1.46
23477,41,-7.77,0.88,8.65

N = 200                  Did Recommend            Did not Recommend        
Should Recommend         6                        49                       
Should not Recommend     5                        140                      

Precision: 0.545
Recall: 0.109
F-1 Measure: 0.182
Overall Accuracy: 0.73
MAE: 3.83
-----------------------------------
9757,75,6.8,3.06,3.74
16213,19,-7.43,-4.17,3.26
17818,30,-3.35,0.87,4.22
1838,9,-2.33,-0.4,1.93
6476,20,9.17,4.55,4.62
12901,46,8.93,5.09,3.84
12272,87,2.77,0.06,2.71
5865,3,7.04,3.35,3.69
6091,0,9.22,5.29,3.93
9944,9,6.26,1.14,5.12
434,9,-0.78,2.8,3.58
14823,66,-6.6,-1.82,4.78
22504,71,5.83,4.2,1.63
11665,36,-3.11,-3.28,0.17
18664,3,3.59,2.08,1.51
12515,0,-0.24,1.71,1.95
4069,52,-6.26,5.31,11.57
21635,5,8.35,0.83,7.52
20885,18,-0.73,0.43,1.16
10166,62,-1.07,-0.44,0.63
19323,93,4.61,1.43,3.18
5400,7,-2.18,-1.33,0.85
22768,50,-0.83,-0.52,0.31
24033,74,6.55,1.53,5.02
6261,12,-1.75,-1.51,0.24
6996,41,5.05,5.85,0.8
3657,27,5.68,3.51,2.17
15764,92,-9.85,3.66,13.51
18653,11,3.83,0.98,2.85
9262,44,3.45,2.28,1.17
21211,62,3.83,2.57,1.26
18429,30,7.52,4.86,2.66
17257,37,-6.02,-0.01,6.01
22600,49,-8.01,0.8,8.81
9954,29,-7.77,-1.25,6.52
12027,97,-5.83,1.03,6.86
2791,40,-6.8,-6.09,0.71
625,29,1.26,-1.52,2.78
10417,20,3.5,-1.66,5.16
6863,40,4.27,3.35,0.92
10742,49,9.17,5.11,4.06
8933,17,-3.79,-0.42,3.37
19186,14,-9.56,-3.22,6.34
24612,19,2.67,-0.83,3.5
5501,38,1.65,0.12,1.53
16536,59,3.35,-0.02,3.37
10906,11,3.35,4.89,1.54
19777,67,-0.49,2.79,3.28
1394,34,3.16,4.64,1.48
21606,4,9.37,2.0,7.37
22918,42,7.72,-1.24,8.96
21827,84,4.56,2.45,2.11
2955,18,-9.9,0.74,10.64
10792,14,-9.08,-1.28,7.8
3001,87,6.07,4.21,1.86
20493,97,-1.12,0.78,1.9
7438,49,3.59,5.2,1.61
1946,17,6.75,-0.26,7.01
7817,49,5.92,3.41,2.51
16258,36,-3.5,-2.39,1.11
9481,38,-1.55,1.46,3.01
23988,63,-0.73,-2.48,1.75
5684,20,6.31,4.9,1.41
19915,29,2.77,0.48,2.29
17634,69,-0.39,-0.43,0.04
4690,33,2.62,0.74,1.88
143,33,0.0,2.32,2.32
6835,72,3.5,0.67,2.83
10175,41,0.78,1.52,0.74
449,3,5.78,-0.6,6.38
23221,1,-6.02,-0.08,5.94
15560,31,5.83,3.83,2.0
20911,34,5.1,5.6,0.5
21494,92,-0.78,4.65,5.43
5107,60,4.32,2.79,1.53
9415,81,5.58,1.01,4.57
23300,44,1.26,1.55,0.29
11128,72,-1.75,-0.06,1.69
8242,63,-4.51,-0.55,3.96
10526,5,5.49,4.01,1.48
9521,64,7.23,4.31,2.92
3588,50,-1.84,3.45,5.29
21510,43,7.48,-0.11,7.59
1431,79,7.96,3.79,4.17
7814,52,3.88,5.66,1.78
5153,19,1.46,0.58,0.88
18580,47,1.36,-0.62,1.98
11491,51,8.69,3.07,5.62
5474,6,4.03,-1.74,5.77
23097,6,3.01,-1.69,4.7
22621,60,8.74,5.58,3.16
4742,46,4.03,4.06,0.03
22306,96,5.1,0.83,4.27
8897,49,9.32,4.99,4.33
11130,7,-0.68,0.06,0.74
22531,94,-4.13,-3.5,0.63
23518,23,1.41,2.79,1.38
17997,51,-9.42,-2.04,7.38
5668,90,2.72,-0.04,2.76
22287,39,-0.1,3.1,3.2
11693,25,4.08,3.3,0.78
356,11,2.96,1.65,1.31
1108,4,-9.03,1.18,10.21
21375,16,-1.5,0.36,1.86
17106,31,-3.54,4.82,8.36
11356,4,0.05,1.36,1.31
22720,41,1.75,0.14,1.61
3389,38,-8.5,-2.42,6.08
10223,51,-3.4,-3.42,0.02
17050,21,3.93,1.02,2.91
10691,90,-0.87,2.12,2.99
22224,64,7.82,3.24,4.58
18291,87,4.17,3.09,1.08
24386,71,-0.24,-1.97,1.73
20496,50,2.04,1.74,0.3
548,24,-4.22,-1.24,2.98
21037,0,9.03,-0.0,9.03
16205,98,-4.03,-3.72,0.31
11807,30,6.5,0.31,6.19
3273,60,-1.6,-0.42,1.18
12905,6,-0.1,-0.18,0.08
10689,18,0.87,-0.63,1.5
2651,16,-0.1,-1.16,1.06
19443,36,2.72,-1.93,4.65
5775,61,2.18,4.31,2.13
23393,23,6.65,4.77,1.88
21867,32,-9.32,-4.78,4.54
15925,32,3.54,-1.88,5.42
3218,0,5.34,-0.69,6.03
5626,38,2.38,2.84,0.46
21140,47,-7.33,2.44,9.77
19955,55,-2.62,3.11,5.73
7189,31,-0.19,4.76,4.95
11770,19,-3.5,-0.47,3.03
23020,11,0.44,3.44,3.0
1153,34,0.53,2.29,1.76
14758,44,4.08,2.73,1.35
16454,43,-6.36,-3.95,2.41
10319,18,3.45,1.7,1.75
22029,81,-7.91,-0.86,7.05
19101,80,2.04,2.49,0.45
23078,74,3.64,-2.27,5.91
1819,30,-1.31,2.48,3.79
4441,65,3.98,3.91,0.07
328,38,8.2,5.42,2.78
18804,28,6.17,2.06,4.11
11531,14,-2.43,-3.4,0.97
23006,33,8.01,5.29,2.72
22080,64,2.52,4.9,2.38
4519,77,9.22,4.05,5.17
19333,62,3.2,-1.82,5.02
15774,9,0.92,0.59,0.33
8825,43,-4.08,-1.65,2.43
226,65,2.86,3.61,0.75
23951,38,-0.15,0.17,0.32
244,28,3.25,4.67,1.42
23043,25,7.09,5.75,1.34
19780,61,5.05,5.05,0.0
5591,64,6.41,5.7,0.71
441,34,-0.19,5.88,6.07
6494,87,3.69,1.54,2.15
12680,91,-0.29,0.92,1.21
3356,63,-1.31,-4.64,3.33
16770,20,2.77,-1.3,4.07
4209,57,-8.79,-7.07,1.72
10749,15,-3.45,-3.33,0.12
23064,60,-3.2,5.05,8.25
10373,14,0.63,-3.71,4.34
16181,9,-2.82,-3.44,0.62
11909,58,-0.29,-0.9,0.61
12934,43,-8.79,-2.28,6.51
20679,77,1.55,3.0,1.45
11998,30,-6.07,2.54,8.61
16656,16,-1.02,-1.52,0.5
6406,18,7.38,2.17,5.21
14399,55,1.17,4.23,3.06
5032,64,2.96,4.26,1.3
10766,69,3.35,0.75,2.6
1213,63,-7.33,-2.26,5.07
1386,61,0.05,3.04,2.99
20553,62,2.86,1.12,1.74
6034,47,7.33,3.96,3.37
17748,30,-1.65,2.16,3.81
20027,53,5.68,5.55,0.13
509,60,2.62,5.23,2.61
2593,53,2.91,2.21,0.7
58,85,-0.19,-3.33,3.14
23684,60,3.64,5.46,1.82
6513,62,-3.54,1.74,5.28
7118,41,0.87,0.97,0.1
10182,53,5.68,4.99,0.69
8671,2,5.34,-1.58,6.92
19940,11,7.04,3.15,3.89
19034,2,7.48,5.68,1.8
546,58,8.25,-0.26,8.51
11888,47,2.09,3.34,1.25
2724,59,2.33,-0.27,2.6
9049,20,1.84,2.95,1.11
7029,30,0.83,1.03,0.2
3137,65,3.59,4.0,0.41

N = 200                  Did Recommend            Did not Recommend        
Should Recommend         13                       38                       
Should not Recommend     7                        142                      

Precision: 0.65
Recall: 0.255
F-1 Measure: 0.366
Overall Accuracy: 0.775
MAE: 3.19
-----------------------------------
Mean MAE: 3.6
Standard Deviation MAE: 0.22
Mean Accuracy: 0.747
