24618,72,-7.96,2.59,10.55
22202,71,2.67,5.31,2.64
7563,22,5.29,5.47,0.18
12467,61,-9.13,5.41,14.54
23247,63,-3.06,-0.65,2.41
2333,24,-0.87,5.6,6.47
18720,3,1.99,1.49,0.5
4426,22,-0.29,0.8,1.09
10137,28,6.02,5.12,0.9
272,51,9.08,4.89,4.19
5613,44,-4.17,5.31,9.48
20463,97,-1.07,4.43,5.5
13021,28,1.94,2.95,1.01
17668,84,-6.36,-5.6,0.76
16310,54,-7.28,-4.7,2.58
19377,61,2.04,6.0,3.96
12868,55,5.83,7.03,1.2
1094,7,2.43,0.74,1.69
12027,80,-9.66,-0.88,8.78
19054,9,3.35,2.4,0.95
6389,74,5.97,-3.82,9.79
20548,33,6.89,6.64,0.25
20103,29,-2.28,2.06,4.34
17010,72,-8.64,-3.87,4.77
823,51,4.32,7.65,3.33
12971,61,7.14,6.85,0.29
6492,20,-5.63,-6.62,0.99
19176,16,1.8,-1.74,3.54
179,65,3.98,4.8,0.82
2030,61,-9.71,-5.98,3.73
4391,12,0.05,0.49,0.44
10890,4,-3.54,-0.96,2.58
20193,12,-1.7,0.28,1.98
21277,91,2.23,4.52,2.29
6049,27,1.31,5.23,3.92
8803,24,0.92,-3.12,4.04
15988,20,8.01,6.88,1.13
19330,47,-7.77,0.64,8.41
21148,52,0.49,-6.41,6.9
10645,30,-1.12,1.1,2.22
17662,59,-7.23,-2.48,4.75
1841,91,0.92,1.96,1.04
18379,46,7.77,5.74,2.03
11149,59,-4.37,1.16,5.53
20483,92,7.96,2.05,5.91
148,65,3.16,6.36,3.2
20784,37,7.38,4.07,3.31
18698,49,5.19,6.6,1.41
4330,31,6.31,5.8,0.51
19293,8,9.17,2.94,6.23

N = 50                   Did Recommend            Did not Recommend
Should Recommend         9                        5
Should not Recommend     8                        28

Precision: 9.056
Recall: 9.067
F-1 Measure: 9.061
Overall Accuracy: 0.74
MAE: 3.58
-----------------------------------
20922,71,8.79,5.54,3.25
17008,59,2.62,0.5,2.12
14492,15,-0.49,-3.76,3.27
3622,48,9.27,7.84,1.43
24888,29,-7.82,-1.14,6.68
6408,29,7.62,5.81,1.81
204,8,4.17,-4.29,8.46
9833,43,-2.48,-4.55,2.07
16154,64,3.2,1.93,1.27
23334,4,8.35,3.6,4.75
3630,30,7.38,1.1,6.28
7525,12,-6.55,-5.74,0.81
12988,70,-8.64,2.4,11.04
24279,94,-7.96,3.82,11.78
19788,4,0.87,1.06,0.19
17559,81,-0.83,2.59,3.42
2941,27,-0.68,-3.15,2.47
24042,25,-3.3,-0.13,3.17
5225,21,-6.26,5.66,11.92
4153,18,-2.57,-5.72,3.15
5599,8,-3.83,-4.15,0.32
21379,16,-2.28,0.1,2.38
22138,87,6.75,0.36,6.39
14067,28,9.32,6.55,2.77
17791,52,5.1,2.93,2.17
15112,49,1.26,0.35,0.91
18674,78,-7.48,-6.55,0.93
8639,12,-5.73,-0.04,5.69
16025,99,5.58,2.91,2.67
8460,29,7.86,6.37,1.49
16401,62,-0.78,-4.5,3.72
20472,55,1.6,-2.75,4.35
23361,31,9.13,2.94,6.19
24151,61,5.68,6.56,0.88
5239,68,9.32,7.09,2.23
1028,30,6.5,6.61,0.11
1598,81,0.97,-5.32,6.29
23075,35,5.15,6.61,1.46
12039,94,4.9,5.32,0.42
24789,66,0.0,-2.06,2.06
20878,76,-3.88,-3.69,0.19
21940,55,-7.18,0.84,8.02
22335,14,-4.42,-0.34,4.08
18765,61,-5.92,-2.42,3.5
21219,7,1.65,0.55,1.1
19394,20,7.28,7.53,0.25
17732,87,-4.81,4.39,9.2
1021,3,4.27,-6.55,10.82
15284,14,-8.69,-3.22,5.47
16675,26,1.12,3.49,2.37

N = 50                   Did Recommend            Did not Recommend
Should Recommend         10                       6
Should not Recommend     2                        32

Precision: 10.077
Recall: 10.059
F-1 Measure: 10.068
Overall Accuracy: 0.84
MAE: 3.76
-----------------------------------
4788,8,-7.62,-2.54,5.08
12038,50,3.93,3.23,0.7
21409,60,7.62,5.63,1.99
24673,44,4.85,2.03,2.82
12722,29,-1.41,4.31,5.72
4463,59,-8.64,0.16,8.8
24342,14,-9.27,-0.87,8.4
23881,83,2.77,5.2,2.43
19408,7,3.4,-6.25,9.65
17335,32,8.5,6.9,1.6
7725,87,8.98,5.91,3.07
17050,61,-5.97,1.97,7.94
7290,17,6.75,2.16,4.59
10132,20,9.08,5.49,3.59
9648,58,-9.27,-6.08,3.19
18720,54,-9.13,2.53,11.66
292,9,2.38,1.4,0.98
3549,98,3.54,1.27,2.27
1136,33,8.11,2.72,5.39
6170,69,5.97,5.68,0.29
3314,65,-2.86,5.29,8.15
21579,7,-3.98,0.4,4.38
17136,25,-2.23,0.33,2.56
12861,26,4.03,-0.97,5.0
10071,53,-0.1,3.79,3.89
17820,58,-2.52,-1.1,1.42
10291,26,1.07,6.71,5.64
11752,48,-0.34,3.58,3.92
17928,69,-6.07,-5.68,0.39
9622,34,5.29,7.11,1.82
23911,56,-0.87,-3.32,2.45
20719,66,-8.16,-6.04,2.12
17612,37,4.95,6.72,1.77
9979,66,9.13,3.48,5.65
6650,14,-9.9,-3.58,6.32
797,25,2.23,2.34,0.11
16479,68,8.64,6.68,1.96
366,57,-9.9,-7.4,2.5
16798,15,-1.31,-0.39,0.92
22395,28,7.67,6.96,0.71
17979,60,3.59,7.28,3.69
16627,20,-3.83,4.75,8.58
2556,5,-1.8,-5.03,3.23
15419,21,-9.13,-6.64,2.49
18839,32,5.63,3.43,2.2
18056,51,6.46,5.07,1.39
21841,99,-4.51,-4.94,0.43
8884,93,3.79,5.87,2.08
8596,36,-4.66,-6.51,1.85
16208,81,4.66,7.54,2.88

N = 50                   Did Recommend            Did not Recommend
Should Recommend         9                        4
Should not Recommend     7                        30

Precision: 9.059
Recall: 9.071
F-1 Measure: 9.065
Overall Accuracy: 0.78
MAE: 3.61
-----------------------------------
1194,43,0.73,3.58,2.85
9158,53,0.49,6.74,6.25
18043,17,5.92,4.37,1.55
7982,3,5.87,-3.35,9.22
22265,45,1.65,1.32,0.33
3379,47,9.32,7.25,2.07
20814,29,-1.26,-1.42,0.16
19215,27,-0.83,2.74,3.57
8409,44,0.0,4.25,4.25
12967,3,4.61,8.35,3.74
3172,30,3.11,5.6,2.49
12481,97,-2.04,3.31,5.35
20916,65,6.41,4.14,2.27
12356,22,8.59,2.1,6.49
15717,83,5.87,-6.4,12.27
1552,30,-7.67,-5.48,2.19
9153,4,-1.41,2.55,3.96
15755,32,-8.35,-5.04,3.31
21337,44,7.52,6.37,1.15
1618,77,8.74,4.43,4.31
3838,30,1.17,2.84,1.67
2742,85,7.04,3.9,3.14
6004,47,7.62,4.56,3.06
11652,49,8.45,7.71,0.74
13954,74,0.83,4.56,3.73
12937,12,3.88,3.53,0.35
3137,67,9.13,5.9,3.23
21405,26,6.02,5.37,0.65
7130,43,1.7,-2.39,4.09
1036,43,-8.3,-6.26,2.04
17115,16,-9.61,-0.42,9.19
6292,47,7.91,2.22,5.69
6423,52,7.18,6.59,0.59
18598,89,-3.16,-6.67,3.51
10943,64,3.93,4.41,0.48
15595,41,2.67,5.08,2.41
6910,60,8.5,5.17,3.33
18952,46,3.79,0.6,3.19
18381,38,5.34,2.35,2.99
23401,21,1.21,4.37,3.16
22888,66,-0.53,1.76,2.29
23822,55,2.04,0.96,1.08
22752,28,-3.25,-4.01,0.76
4444,18,4.08,0.12,3.96
4602,73,-9.37,-5.68,3.69
19137,6,-4.13,-1.71,2.42
12195,60,4.13,7.46,3.33
23255,24,7.62,0.38,7.24
5450,10,2.28,3.53,1.25
23916,35,-4.61,0.71,5.32

N = 50                   Did Recommend            Did not Recommend
Should Recommend         7                        11
Should not Recommend     5                        27

Precision: 7.077
Recall: 7.053
F-1 Measure: 7.065
Overall Accuracy: 0.68
MAE: 3.33
-----------------------------------
6349,21,-1.8,-0.79,1.01
5003,13,2.43,0.75,1.68
20158,39,8.4,0.35,8.05
5782,89,6.26,5.22,1.04
11888,12,5.0,2.43,2.57
8529,48,8.64,5.87,2.77
13286,85,6.41,4.79,1.62
9235,45,2.43,4.36,1.93
12035,76,3.06,0.03,3.03
20141,57,-9.95,-5.07,4.88
15511,41,8.45,3.66,4.79
9178,19,-1.26,-3.84,2.58
39,18,1.26,-3.51,4.77
424,21,-6.41,4.03,10.44
15948,1,6.94,-6.29,13.23
18768,41,4.56,3.73,0.83
14388,25,2.82,5.24,2.42
1502,43,-5.92,-2.85,3.07
3989,98,3.54,8.22,4.68
10164,44,-2.91,-5.47,2.56
23692,66,4.42,4.42,0.0
24222,13,6.31,5.84,0.47
11551,23,6.55,4.18,2.37
17145,45,0.92,-3.45,4.37
7392,21,5.15,2.88,2.27
18783,17,7.43,0.31,7.12
8308,27,3.3,3.71,0.41
19633,80,-3.79,4.27,8.06
16582,0,3.35,-2.02,5.37
14648,22,-5.44,-1.3,4.14
13966,26,6.6,7.34,0.74
16829,54,-9.95,-4.33,5.62
11459,34,3.2,0.71,2.49
15082,45,7.72,8.19,0.47
16881,15,-7.28,-1.62,5.66
998,28,-7.38,-6.55,0.83
23691,95,-6.99,-4.31,2.68
20004,25,8.98,7.2,1.78
11984,25,-5.73,-6.46,0.73
19622,31,-0.63,1.72,2.35
1291,17,-3.4,-5.97,2.57
6275,70,-5.78,-1.25,4.53
11619,9,1.55,1.37,0.18
10425,57,-8.11,-7.63,0.48
18010,46,-1.31,2.16,3.47
20334,64,-4.37,3.51,7.88
13373,17,-4.61,-0.69,3.92
21324,38,-3.64,-5.17,1.53
1509,77,1.84,2.48,0.64
3752,67,-0.63,0.27,0.9

N = 50                   Did Recommend            Did not Recommend
Should Recommend         6                        8
Should not Recommend     2                        34

Precision: 6.111
Recall: 6.067
F-1 Measure: 6.089
Overall Accuracy: 0.8
MAE: 3.24
-----------------------------------
3925,55,6.31,5.88,0.43
17257,9,3.35,-0.52,3.87
12496,46,5.58,-2.9,8.48
19821,26,5.29,0.86,4.43
462,66,-7.57,3.35,10.92
21771,37,-3.74,2.73,6.47
23540,51,-4.13,-2.34,1.79
1505,66,-6.46,-3.27,3.19
19126,34,-2.09,1.28,3.37
6833,96,3.54,5.48,1.94
14837,19,6.99,2.53,4.46
13415,32,-2.28,-3.09,0.81
6872,6,-0.1,3.64,3.74
12066,31,0.73,4.61,3.88
16995,78,-0.78,-4.24,3.46
7936,41,8.83,-3.63,12.46
3365,88,5.97,6.54,0.57
22150,89,-0.34,-0.48,0.14
1092,47,2.82,6.52,3.7
20875,6,6.75,2.84,3.91
3553,66,-8.3,-0.38,7.92
3946,45,6.99,2.98,4.01
292,25,5.05,3.47,1.58
5606,65,2.48,-3.8,6.28
15516,30,7.43,7.04,0.39
1545,48,-0.87,1.14,2.01
20508,33,3.79,-2.76,6.55
9486,73,-3.74,-1.62,2.12
8562,45,-8.06,1.69,9.75
17708,8,-3.35,-3.04,0.31
23041,30,6.65,6.73,0.08
15407,7,4.17,-0.14,4.31
5011,84,-1.7,1.68,3.38
24555,32,8.93,7.83,1.1
14371,38,6.07,6.98,0.91
2922,12,-6.89,-3.04,3.85
12561,15,-2.82,-5.31,2.49
23981,60,3.64,-4.8,8.44
15460,65,-0.05,6.38,6.43
23784,93,3.69,0.52,3.17
15047,19,3.16,3.05,0.11
24673,53,6.31,4.88,1.43
22029,49,5.05,6.95,1.9
3633,71,2.38,-0.22,2.6
10906,12,-0.19,-2.03,1.84
16039,44,-1.12,-4.29,3.17
19212,29,-0.58,-2.54,1.96
22696,84,-2.62,4.5,7.12
9437,29,4.17,6.4,2.23
8855,67,4.42,5.64,1.22

N = 50                   Did Recommend            Did not Recommend
Should Recommend         7                        8
Should not Recommend     5                        30

Precision: 7.077
Recall: 7.062
F-1 Measure: 7.069
Overall Accuracy: 0.74
MAE: 3.61
-----------------------------------
16125,48,3.2,-1.94,5.14
23354,10,5.24,6.32,1.08
23977,35,-3.3,-5.32,2.02
2880,46,8.25,1.5,6.75
6843,20,6.41,3.9,2.51
10107,12,-6.02,-3.34,2.68
20077,16,7.43,3.27,4.16
17663,3,-6.75,-5.7,1.05
21751,28,0.44,4.72,4.28
10259,93,4.42,0.59,3.83
17046,75,-0.92,-4.86,3.94
23299,67,5.0,3.44,1.56
13883,42,4.76,4.48,0.28
18347,4,4.32,2.42,1.9
13283,41,5.68,4.87,0.81
8594,14,2.82,-3.22,6.04
7125,24,2.57,-0.26,2.83
9130,65,2.23,4.84,2.61
22566,2,-9.32,-7.51,1.81
21573,59,1.12,4.86,3.74
13747,59,4.37,2.62,1.75
2074,26,-1.07,1.48,2.55
3967,7,3.25,-2.5,5.75
12377,31,8.35,5.6,2.75
13140,56,-2.04,-4.35,2.31
18247,11,3.79,5.07,1.28
20594,55,-2.52,6.54,9.06
1593,13,6.7,3.71,2.99
13015,40,-7.82,-5.88,1.94
6227,13,-0.97,4.65,5.62
19100,84,7.09,6.63,0.46
20527,18,-3.25,-2.02,1.23
11931,18,-0.1,-2.26,2.16
16561,71,0.29,1.45,1.16
171,16,-4.56,-1.09,3.47
4865,80,2.52,1.77,0.75
23338,37,4.76,2.45,2.31
24539,44,1.02,4.74,3.72
22888,56,1.26,-0.9,2.16
6961,20,6.07,7.16,1.09
7148,41,5.19,3.76,1.43
19917,78,6.5,6.76,0.26
24189,25,2.43,5.06,2.63
437,42,5.53,4.26,1.27
16246,60,-0.1,0.34,0.44
17192,62,-3.98,4.19,8.17
22967,41,-2.96,3.0,5.96
1414,55,2.48,1.12,1.36
1280,47,1.02,5.41,4.39
3039,65,3.64,5.83,2.19

N = 50                   Did Recommend            Did not Recommend
Should Recommend         5                        8
Should not Recommend     5                        32

Precision: 5.091
Recall: 5.071
F-1 Measure: 5.081
Overall Accuracy: 0.74
MAE: 2.83
-----------------------------------
21001,92,8.83,5.42,3.41
7662,91,1.7,0.61,1.09
5985,69,8.93,5.42,3.51
18337,60,0.53,4.28,3.75
6872,14,-3.01,1.28,4.29
13083,12,-8.06,0.27,8.33
19435,7,2.09,-3.75,5.84
16519,98,0.1,2.17,2.07
6731,99,4.13,3.46,0.67
1242,81,-0.58,-0.27,0.31
21409,70,4.17,3.76,0.41
2196,29,8.3,4.59,3.71
1069,97,2.82,3.28,0.46
7890,84,3.5,4.22,0.72
22814,27,7.43,2.33,5.1
23967,47,3.83,3.97,0.14
10139,10,-3.64,5.38,9.02
24354,6,6.5,0.49,6.01
150,93,1.6,2.16,0.56
13820,92,6.94,5.93,1.01
4861,64,7.86,6.73,1.13
23407,28,7.09,5.96,1.13
19031,23,-0.29,-3.49,3.2
16938,45,9.03,6.02,3.01
21245,32,1.84,0.15,1.69
5546,49,-8.45,2.2,10.65
12686,78,-8.93,1.34,10.27
19900,64,5.63,4.9,0.73
6874,36,0.68,3.79,3.11
17603,52,0.19,6.87,6.68
5180,67,5.68,2.27,3.41
18930,93,0.83,2.19,1.36
8319,31,5.68,6.42,0.74
1269,13,3.69,-0.66,4.35
23878,30,2.43,4.58,2.15
19024,62,-0.19,3.34,3.53
24472,40,-8.88,-4.68,4.2
12836,4,-6.84,1.63,8.47
5970,10,7.33,7.64,0.31
19701,2,-9.42,-6.48,2.94
21380,19,-7.82,-3.42,4.4
12258,96,7.72,7.89,0.17
1800,19,-6.26,-6.69,0.43
2038,48,8.4,7.31,1.09
11562,14,3.35,-2.69,6.04
1574,12,-9.76,1.54,11.3
4853,38,-6.75,1.08,7.83
17131,48,9.22,6.22,3.0
3099,66,7.86,0.21,7.65
6599,74,-0.68,2.07,2.75

N = 50                   Did Recommend            Did not Recommend
Should Recommend         11                       6
Should not Recommend     2                        31

Precision: 11.071
Recall: 11.056
F-1 Measure: 11.063
Overall Accuracy: 0.84
MAE: 3.56
-----------------------------------
24938,39,0.24,2.72,2.48
23596,74,-5.49,-2.63,2.86
15406,6,4.71,-1.21,5.92
2281,90,-3.83,0.65,4.48
1352,67,2.62,4.66,2.04
24837,7,4.61,-1.37,5.98
19280,61,6.41,6.58,0.17
8716,64,5.34,6.44,1.1
23833,28,5.83,5.2,0.63
22622,46,-0.29,0.48,0.77
21143,0,-5.68,2.07,7.75
8772,26,0.24,4.05,3.81
22759,18,2.09,3.98,1.89
21930,55,7.72,6.75,0.97
24327,46,6.75,4.27,2.48
10857,41,0.87,4.82,3.95
9333,57,1.5,-1.03,2.53
20540,50,2.67,6.4,3.73
253,38,3.93,2.99,0.94
14766,92,3.11,4.42,1.31
5715,86,-0.73,4.57,5.3
11152,67,2.28,3.35,1.07
4823,97,-3.88,3.24,7.12
21320,62,-0.53,1.74,2.27
13259,35,3.79,0.17,3.62
21305,29,-5.34,1.82,7.16
6085,47,-6.55,-3.19,3.36
9360,0,-5.92,-3.19,2.73
9164,57,-9.76,-7.66,2.1
1847,47,-4.9,3.89,8.79
9740,64,7.72,6.9,0.82
7982,28,5.39,-0.39,5.78
18876,4,0.05,-2.31,2.36
16835,92,1.6,3.4,1.8
2906,31,7.96,2.36,5.6
9734,37,2.62,-0.53,3.15
7164,14,-6.12,-3.22,2.9
21492,41,-3.54,-2.75,0.79
18231,21,1.41,0.51,0.9
12190,20,-5.63,-5.31,0.32
23148,61,6.99,6.68,0.31
6790,16,-7.91,-4.4,3.51
10957,53,8.79,6.53,2.26
905,92,5.63,4.65,0.98
7035,15,-2.52,-3.01,0.49
17537,67,-2.72,1.31,4.03
16605,84,8.64,1.7,6.94
8175,7,-2.23,-1.69,0.54
9311,5,8.11,7.22,0.89
10550,49,8.4,6.85,1.55

N = 50                   Did Recommend            Did not Recommend
Should Recommend         9                        5
Should not Recommend     1                        35

Precision: 9.091
Recall: 9.067
F-1 Measure: 9.079
Overall Accuracy: 0.88
MAE: 2.9
-----------------------------------
21393,94,2.23,2.69,0.46
9766,12,6.46,7.73,1.27
13153,50,-3.11,-6.93,3.82
7414,4,4.22,2.0,2.22
21796,68,4.76,7.36,2.6
4302,28,-3.79,-5.34,1.55
5364,47,8.16,6.62,1.54
13725,10,1.89,-3.45,5.34
1239,43,-0.44,-1.53,1.09
21147,45,1.07,-3.03,4.1
2030,66,-4.51,-6.94,2.43
11710,68,-4.42,-1.91,2.51
7660,25,-6.07,-2.62,3.45
6072,38,1.6,0.82,0.78
21627,62,4.27,7.53,3.26
14742,43,3.88,-5.65,9.53
20702,37,7.48,4.03,3.45
5131,77,1.7,2.68,0.98
5698,56,5.29,2.85,2.44
22294,59,1.21,6.28,5.07
340,58,1.07,2.91,1.84
13137,2,-1.36,3.37,4.73
6941,68,2.67,4.64,1.97
9879,1,0.97,-6.57,7.54
5463,99,0.63,5.05,4.42
19296,34,4.61,0.83,3.78
7346,6,-0.39,-1.6,1.21
23010,10,3.2,0.17,3.03
19179,55,3.64,5.0,1.36
21569,28,4.42,5.46,1.04
1438,60,2.72,6.62,3.9
4382,47,2.33,-0.13,2.46
22656,22,0.15,-1.35,1.5
3078,7,-9.61,-0.56,9.05
7736,18,-0.49,4.4,4.89
11113,65,-3.5,4.45,7.95
18673,0,4.32,4.65,0.33
1579,92,1.7,5.47,3.77
13888,21,6.07,6.09,0.02
11116,71,0.39,4.86,4.47
22152,66,0.53,2.19,1.66
18199,14,6.75,1.75,5.0
16035,22,0.44,6.85,6.41
9939,55,-5.49,1.62,7.11
17913,97,2.62,4.68,2.06
2786,11,2.23,4.83,2.6
10101,23,-9.32,-2.42,6.9
10141,70,-9.22,-6.05,3.17
22663,48,-3.69,-6.79,3.1
9728,31,7.23,7.54,0.31

N = 50                   Did Recommend            Did not Recommend
Should Recommend         4                        3
Should not Recommend     8                        35

Precision: 4.077
Recall: 4.125
F-1 Measure: 4.101
Overall Accuracy: 0.78
MAE: 3.31
-----------------------------------
Mean MAE: 3.37
Standard Deviation MAE: 0.31
Mean Accuracy: 0.782