6543,39,-4.51,-0.54,3.97
2304,3,-3.79,-1.06,2.73
5422,88,-0.83,-0.45,0.38
14232,19,-5.1,-6.45,1.35
12120,50,6.94,6.64,0.3
11800,15,1.89,0.56,1.33
20668,34,-6.02,5.67,11.69
16433,47,6.07,4.67,1.4
15148,3,9.17,-5.46,14.63
9815,28,2.48,4.57,2.09
3193,25,2.23,3.81,1.58
5920,5,-8.74,-0.52,8.22
10824,37,6.46,4.57,1.89
4220,67,8.16,5.91,2.25
1364,6,3.69,1.99,1.7
24526,14,-7.96,-4.12,3.84
16939,24,6.07,-3.64,9.71
15973,95,2.33,4.43,2.1
19329,2,5.34,1.57,3.77
16434,91,2.67,5.42,2.75
17121,35,-2.33,5.3,7.63
19981,45,3.25,-2.5,5.75
8001,76,8.59,7.32,1.27
18904,31,3.01,6.05,3.04
9577,57,-4.61,-7.67,3.06
9723,29,0.53,1.89,1.36
18051,10,3.98,1.18,2.8
1285,47,1.02,3.74,2.72
24618,42,-8.74,-3.69,5.05
10691,10,1.65,2.75,1.1
10416,31,8.79,2.41,6.38
22767,59,-9.85,-7.56,2.29
15800,49,2.91,6.66,3.75
4333,75,5.05,4.07,0.98
16587,65,-1.21,5.72,6.93
13953,45,-6.94,-5.89,1.05
14553,55,4.22,-0.87,5.09
16889,13,-3.11,-1.07,2.04
7212,48,4.13,2.46,1.67
14553,30,-0.15,0.45,0.6
4562,50,-3.93,-0.38,3.55
15818,35,2.33,4.1,1.77
1652,16,1.99,-0.9,2.89
781,20,8.4,6.28,2.12
9629,42,8.5,4.09,4.41
4705,35,7.38,5.56,1.82
5431,23,-0.68,-0.79,0.11
5308,6,8.06,0.84,7.22
2442,7,-3.93,-1.7,2.23
16110,81,-3.83,-2.41,1.42
14121,78,2.04,3.44,1.4
17008,52,4.03,3.31,0.72
5732,98,5.0,3.12,1.88
18376,62,-3.79,5.84,9.63
22815,67,9.08,6.46,2.62
16201,95,5.63,6.6,0.97
6225,65,7.14,5.13,2.01
13387,6,-0.87,2.03,2.9
21038,38,-2.28,5.01,7.29
22775,13,-4.27,-1.49,2.78
11829,81,5.34,5.71,0.37
18605,14,4.95,-1.27,6.22
3367,26,3.3,6.61,3.31
14651,20,-9.13,5.71,14.84
5995,22,-4.27,-0.17,4.1
18325,26,0.63,6.86,6.23
5367,63,3.35,3.03,0.32
20667,58,-4.17,-5.99,1.82
20748,53,3.93,5.94,2.01
12290,81,7.18,3.4,3.78
642,75,5.97,5.01,0.96
6259,26,-2.28,-1.7,0.58
10215,30,-5.39,-2.81,2.58
7200,22,-5.19,2.03,7.22
9376,23,3.11,1.12,1.99
20099,17,1.12,0.73,0.39
8448,67,-2.18,-1.07,1.11
22288,60,6.21,5.19,1.02
7818,57,-5.97,-4.04,1.93
10826,8,5.97,-3.27,9.24
13192,91,-9.37,-3.99,5.38
3374,93,2.33,-3.32,5.65
18139,35,6.6,7.62,1.02
17538,68,8.83,6.32,2.51
602,45,5.44,3.17,2.27
24201,55,-3.64,-3.76,0.12
7565,90,6.17,5.29,0.88
1541,8,-6.26,-5.83,0.43
23451,62,6.75,6.04,0.71
24343,32,-5.87,0.98,6.85
2929,17,3.45,-0.18,3.63
19865,46,4.66,6.14,1.48
14688,50,-7.86,3.21,11.07
19037,30,8.3,4.17,4.13
22839,38,7.18,5.01,2.17
18930,65,5.63,3.82,1.81
15271,42,3.11,5.68,2.57
17583,45,-4.32,3.51,7.83
5241,61,2.57,5.66,3.09
23598,71,4.42,6.28,1.86
13864,69,-2.33,2.01,4.34
3975,42,-4.27,2.09,6.36
8744,88,8.98,0.91,8.07
10920,3,-1.8,-1.53,0.27
14281,15,-4.56,0.17,4.73
19094,51,-1.99,-2.12,0.13
20128,7,4.95,-0.06,5.01
18873,64,9.27,1.07,8.2
6304,70,-0.19,1.92,2.11
6343,55,6.02,7.02,1.0
1866,21,-4.17,-4.4,0.23
15004,40,-6.5,-5.24,1.26
10046,59,-9.56,-7.53,2.03
19886,31,-1.5,-1.04,0.46
1942,20,1.5,0.2,1.3
6975,54,-4.76,-3.97,0.79
1632,53,-0.44,4.68,5.12
24917,94,-0.1,0.39,0.49
12373,3,-7.96,2.27,10.23
20483,47,-6.75,1.32,8.07
8076,38,3.69,6.76,3.07
11931,19,-4.51,-3.49,1.02
5406,85,1.94,2.28,0.34
17819,84,-7.28,3.63,10.91
14006,92,-1.07,-1.8,0.73
9048,23,3.64,0.73,2.91
1557,60,-6.99,-2.34,4.65
2038,57,-3.74,2.47,6.21
8132,12,0.53,-1.25,1.78
15671,17,-3.5,-1.33,2.17
9780,34,8.5,7.45,1.05
7479,86,1.7,5.52,3.82
14379,57,-8.2,-2.06,6.14
5649,50,-6.17,3.1,9.27
18736,13,6.55,3.66,2.89
5629,54,7.91,2.4,5.51
13557,33,3.83,6.53,2.7
19492,14,6.75,3.06,3.69
1704,33,-1.17,-0.57,0.6
5569,6,-6.41,-2.21,4.2
5360,35,-4.13,3.84,7.97
3532,53,8.74,6.64,2.1
5898,66,5.58,-3.38,8.96
2166,29,-3.69,-1.33,2.36
3460,57,-3.93,5.98,9.91
17923,51,-0.29,4.83,5.12
10607,37,0.63,-3.69,4.32
14857,54,-6.6,3.82,10.42
9835,48,4.51,4.45,0.06
21443,66,-1.94,3.14,5.08
18524,50,-0.63,-0.71,0.08
21506,41,-6.75,-4.0,2.75
4001,56,-6.89,-7.14,0.25
10234,33,7.77,6.92,0.85
294,85,8.59,3.7,4.89
8130,57,7.86,1.61,6.25
20041,39,6.12,4.98,1.14
13352,1,-9.47,-1.2,8.27
14423,13,1.6,5.05,3.45
8637,15,4.42,-0.23,4.65
6112,26,9.08,7.27,1.81
18607,54,-6.26,2.2,8.46
2935,61,-0.49,4.71,5.2
19213,40,1.7,5.97,4.27
13705,68,6.26,5.24,1.02
16883,22,4.76,0.99,3.77
13237,58,-5.83,-4.91,0.92
17085,63,-4.08,0.93,5.01
2892,40,5.15,-1.55,6.7
15306,56,3.16,-1.15,4.31
20947,61,8.3,6.46,1.84
19217,68,7.86,3.93,3.93
20374,14,-7.57,-3.53,4.04
7106,11,-5.05,-5.52,0.47
11976,53,2.82,1.1,1.72
1507,0,-5.34,-1.77,3.57
20578,34,9.13,6.38,2.75
22762,48,5.49,4.84,0.65
4599,10,-2.62,6.9,9.52
8978,55,-2.33,3.66,5.99
10882,51,-1.07,3.3,4.37
8610,48,3.4,4.4,1.0
7794,79,7.14,5.78,1.36
10461,16,-5.15,-6.53,1.38
21245,57,-0.34,-0.91,0.57
24145,55,2.77,2.73,0.04
5649,7,6.02,1.83,4.19
7524,24,-1.12,0.15,1.27
6059,98,0.73,2.54,1.81
16363,2,-1.41,-3.04,1.63
8401,85,-7.14,-0.14,7.0
17745,79,5.83,5.81,0.02
201,11,-7.23,2.11,9.34
21193,13,-4.51,2.25,6.76
11143,66,-3.64,2.73,6.37
10770,53,6.84,6.42,0.42
22401,28,-9.51,-6.98,2.53
11180,90,1.99,5.52,3.53
14401,60,-0.24,-1.71,1.47
23373,49,1.07,5.6,4.53

N = 200                  Did Recommend            Did not Recommend        
Should Recommend         27                       28                       
Should not Recommend     25                       120                      

Precision: 0.519
Recall: 0.491
F-1 Measure: 0.505
Overall Accuracy: 0.735
MAE: 3.53
-----------------------------------
14771,31,2.77,4.61,1.84
3365,29,5.63,7.29,1.66
4434,53,2.43,5.28,2.85
8036,10,5.92,5.86,0.06
19898,57,4.27,-7.78,12.05
3263,52,-9.71,0.36,10.07
14630,82,-7.23,-3.82,3.41
23196,38,5.1,3.87,1.23
12644,89,-4.13,3.16,7.29
20174,63,-0.83,0.5,1.33
12120,29,2.18,6.1,3.92
12902,4,5.97,3.05,2.92
10401,11,-3.45,3.36,6.81
2872,45,2.57,4.0,1.43
23354,34,3.5,6.91,3.41
1963,60,6.26,7.1,0.84
6402,83,3.69,2.56,1.13
4930,30,2.14,-5.35,7.49
13770,15,-6.6,-6.11,0.49
6699,23,-3.98,-7.44,3.46
17005,60,7.18,0.79,6.39
24069,12,8.3,3.92,4.38
20699,87,2.43,2.59,0.16
16185,23,0.87,-6.94,7.81
2093,38,0.68,5.15,4.47
22762,84,2.38,1.23,1.15
8886,5,7.77,4.03,3.74
2023,26,4.85,3.4,1.45
2156,96,0.53,2.07,1.54
539,5,-0.53,-1.12,0.59
11931,41,-6.84,2.96,9.8
7727,80,4.37,2.23,2.14
3884,64,-0.83,-6.23,5.4
7327,16,3.59,-1.78,5.37
9772,33,0.05,-2.34,2.39
6213,10,9.08,7.07,2.01
12987,31,3.2,5.6,2.4
20583,47,-8.2,-5.69,2.51
3195,25,1.26,2.66,1.4
3110,16,-3.88,-4.86,0.98
6912,61,-0.92,5.72,6.64
9728,34,7.52,7.01,0.51
490,12,-8.79,-0.97,7.82
10497,67,-2.43,4.02,6.45
11442,26,1.31,2.73,1.42
11726,37,1.99,5.29,3.3
5356,69,1.5,3.1,1.6
20292,76,3.74,3.44,0.3
4083,7,7.86,-1.92,9.78
1136,88,8.2,3.66,4.54
7505,83,-8.59,3.22,11.81
15603,9,-0.73,5.87,6.6
3568,55,2.62,2.25,0.37
15,41,-5.05,3.72,8.77
10134,66,4.9,-2.28,7.18
15267,67,-0.05,5.01,5.06
2979,35,6.99,4.87,2.12
17895,19,-3.88,-3.67,0.21
8699,62,-8.01,1.59,9.6
15813,41,-2.52,-0.35,2.17
12157,79,6.6,7.33,0.73
18816,68,7.04,4.4,2.64
23724,11,6.99,6.82,0.17
22213,26,6.84,5.98,0.86
18655,72,-7.86,4.83,12.69
8535,28,-9.71,-3.26,6.45
19128,15,-3.93,-4.0,0.07
1830,14,-7.09,1.8,8.89
10660,50,-2.72,-1.29,1.43
11130,42,-2.23,-3.24,1.01
3946,20,8.45,2.58,5.87
3479,72,5.92,6.29,0.37
19643,1,2.96,-0.43,3.39
22811,47,0.92,5.56,4.64
4680,44,7.82,5.7,2.12
14235,17,1.46,-0.05,1.51
11806,6,-7.77,-0.16,7.61
22650,22,1.6,-0.58,2.18
17344,28,2.43,2.11,0.32
5719,53,3.11,5.38,2.27
14351,11,0.39,3.28,2.89
6783,21,2.96,2.36,0.6
2380,38,0.73,1.34,0.61
1429,23,-9.08,-7.24,1.84
15067,18,-6.31,-6.96,0.65
16867,92,7.48,-1.04,8.52
23587,13,-8.5,-6.51,1.99
16414,67,2.62,4.19,1.57
9525,1,-8.64,-4.37,4.27
21476,26,5.24,-0.87,6.11
15958,39,-0.63,2.71,3.34
9269,50,-1.94,3.58,5.52
6921,20,5.0,2.19,2.81
9370,34,7.28,6.05,1.23
14316,40,-1.7,0.84,2.54
3089,39,-0.1,6.21,6.31
13331,67,8.35,3.13,5.22
21552,46,3.98,-2.56,6.54
18808,4,-8.4,1.35,9.75
8719,62,-1.26,-2.84,1.58
6422,1,-0.97,1.55,2.52
1397,58,5.19,3.31,1.88
8300,52,1.94,1.61,0.33
15151,50,-6.36,1.72,8.08
14254,92,3.74,5.86,2.12
10690,57,-1.41,-2.52,1.11
4462,0,8.69,0.91,7.78
13976,17,-1.6,-3.54,1.94
4105,38,1.36,2.4,1.04
18832,98,-0.29,3.19,3.48
18143,12,-7.72,-6.1,1.62
23946,49,9.17,5.89,3.28
6355,26,1.36,7.16,5.8
5260,33,-5.24,-5.5,0.26
16053,23,-3.45,2.32,5.77
5729,53,8.59,6.91,1.68
6081,30,-9.03,-0.73,8.3
16600,67,-0.49,4.54,5.03
11979,49,5.83,5.58,0.25
13558,24,-9.81,-6.79,3.02
10085,36,4.37,2.16,2.21
19540,94,-8.3,4.08,12.38
4091,4,7.48,-2.44,9.92
12614,50,8.88,7.1,1.78
10540,38,3.01,5.17,2.16
5838,36,2.52,6.02,3.5
9963,67,7.48,2.62,4.86
6855,45,-0.19,2.78,2.97
20058,92,3.64,6.63,2.99
9612,91,6.5,-0.12,6.62
20081,37,4.27,5.33,1.06
11944,61,-0.78,5.49,6.27
15027,42,-0.44,2.0,2.44
530,47,0.53,3.98,3.45
22630,74,7.43,5.78,1.65
11270,29,-1.02,1.32,2.34
3340,9,6.12,5.55,0.57
24535,64,-6.6,-2.71,3.89
3551,48,-9.61,-4.14,5.47
9271,41,9.08,4.98,4.1
21396,0,3.01,6.22,3.21
2212,5,-5.73,-6.6,0.87
14883,20,5.53,4.26,1.27
4042,29,-2.04,-1.21,0.83
16103,36,-2.77,-4.76,1.99
14935,40,0.49,-6.76,7.25
1713,99,7.57,3.67,3.9
4862,17,-2.82,1.07,3.89
4825,64,2.33,-0.26,2.59
14298,58,-3.11,0.87,3.98
12875,23,-0.78,-0.65,0.13
9844,90,1.17,-1.24,2.41
16160,47,6.36,2.55,3.81
8967,67,8.88,7.3,1.58
7170,30,0.97,-0.91,1.88
11151,28,6.26,6.47,0.21
17779,56,-9.81,-5.28,4.53
8251,35,-0.83,-0.66,0.17
21342,4,-4.9,-1.16,3.74
18143,53,-9.76,-6.6,3.16
13841,43,-1.31,-1.99,0.68
5029,40,2.67,5.0,2.33
3281,7,-7.04,-4.64,2.4
13118,94,4.17,0.75,3.42
7189,22,-3.79,-2.47,1.32
9860,69,-9.32,-5.45,3.87
22893,11,1.55,-1.29,2.84
16119,5,-9.71,-6.99,2.72
13581,19,3.88,-3.23,7.11
20981,7,3.59,-1.01,4.6
2145,55,-8.4,-3.46,4.94
2206,1,-1.89,4.91,6.8
3766,64,1.84,6.47,4.63
10475,1,3.11,-3.76,6.87
2885,30,4.47,-0.89,5.36
10624,87,-6.41,-5.64,0.77
5497,48,1.31,1.81,0.5
7160,20,-0.1,2.65,2.75
1425,60,1.75,3.78,2.03
23375,52,8.35,6.54,1.81
9029,47,-0.44,4.31,4.75
15569,60,-5.0,2.39,7.39
22742,26,6.55,4.21,2.34
15281,23,5.58,-2.21,7.79
13647,26,2.67,3.3,0.63
21084,67,-5.97,3.34,9.31
6893,37,4.13,4.31,0.18
6914,43,1.17,5.89,4.72
9244,48,9.17,6.84,2.33
14798,81,-3.83,-2.51,1.32
6770,68,-0.92,5.82,6.74
7781,33,4.08,6.06,1.98
555,54,4.76,3.38,1.38
14795,7,-7.28,-6.1,1.18
16208,59,2.62,6.14,3.52
11379,50,-8.79,-5.55,3.24
8578,91,1.12,1.25,0.13
7070,69,-3.45,-2.43,1.02
18263,3,6.84,7.3,0.46
6642,89,-5.34,0.6,5.94

N = 200                  Did Recommend            Did not Recommend        
Should Recommend         22                       25                       
Should not Recommend     26                       127                      

Precision: 0.458
Recall: 0.468
F-1 Measure: 0.463
Overall Accuracy: 0.745
MAE: 3.53
-----------------------------------
18516,69,-1.6,0.25,1.85
13461,61,2.96,5.52,2.56
9045,28,-0.39,4.83,5.22
9772,31,0.63,1.33,0.7
14271,83,4.13,4.17,0.04
21310,61,8.11,5.83,2.28
121,4,-0.53,2.97,3.5
3979,62,-3.98,-1.32,2.66
24362,37,9.13,5.13,4.0
6868,84,-0.34,4.7,5.04
8693,51,0.15,2.02,1.87
22909,26,-0.1,4.08,4.18
7379,52,8.06,6.21,1.85
9571,30,0.39,-1.92,2.31
513,42,-3.69,-0.22,3.47
9239,46,6.31,2.33,3.98
19805,43,9.17,3.51,5.66
207,89,1.5,7.46,5.96
14695,30,2.38,3.73,1.35
6081,0,8.2,0.02,8.18
20919,72,5.05,6.07,1.02
14216,3,0.78,-6.67,7.45
13472,41,5.34,5.03,0.31
10185,47,-8.01,6.08,14.09
7298,68,1.07,0.07,1.0
9323,16,-3.3,0.98,4.28
13490,46,-4.61,-0.93,3.68
17350,1,8.88,-1.13,10.01
9212,32,7.23,6.55,0.68
12086,34,5.78,6.73,0.95
15110,37,-9.61,-3.43,6.18
13519,61,3.45,-0.6,4.05
22873,74,5.19,4.8,0.39
827,95,-6.02,-1.42,4.6
12895,20,6.84,4.47,2.37
10081,82,8.45,2.51,5.94
14803,27,-0.97,-4.08,3.11
18236,78,5.78,6.73,0.95
14919,97,-9.95,2.88,12.83
23613,83,-7.86,-2.67,5.19
2246,31,6.26,2.83,3.43
20736,14,-0.15,-2.44,2.29
8270,40,-1.99,4.04,6.03
22743,77,6.7,6.79,0.09
9346,49,5.19,6.63,1.44
9808,16,2.67,0.05,2.62
3417,15,1.12,-0.21,1.33
15778,56,-3.93,-0.59,3.34
8501,72,-3.88,-6.14,2.26
22106,52,4.61,4.42,0.19
22127,74,-4.17,-3.88,0.29
11685,77,1.75,-1.77,3.52
10032,11,0.58,0.53,0.05
201,91,6.36,2.21,4.15
21779,22,1.75,-2.02,3.77
9757,38,8.11,5.9,2.21
12308,68,8.35,6.33,2.02
20057,90,-1.17,0.79,1.96
7341,68,8.88,6.55,2.33
3665,16,0.68,0.48,0.2
16113,9,1.31,-3.53,4.84
5640,88,6.89,4.51,2.38
14140,5,0.78,0.13,0.65
4069,20,5.87,6.05,0.18
23420,64,8.06,6.97,1.09
10134,59,-9.66,-1.76,7.9
9757,86,8.5,5.59,2.91
12295,3,6.12,6.11,0.01
13409,48,4.9,0.95,3.95
8825,4,6.21,-0.87,7.08
4393,14,0.15,-1.62,1.77
4145,82,3.93,5.2,1.27
10395,83,0.0,-5.51,5.51
22539,37,-2.67,-0.16,2.51
21888,56,-6.26,-4.73,1.53
20950,17,1.6,-2.43,4.03
14493,31,1.31,2.6,1.29
139,93,3.3,0.27,3.03
3317,11,-7.86,-5.03,2.83
1452,7,-1.6,-0.03,1.57
8272,39,-7.18,-5.24,1.94
13936,93,8.4,6.69,1.71
19818,88,7.48,7.26,0.22
1916,84,-8.11,-1.69,6.42
6558,40,9.37,3.59,5.78
536,60,7.96,7.58,0.38
13578,75,6.7,4.42,2.28
17593,27,1.26,5.31,4.05
12340,58,6.12,7.58,1.46
20165,6,6.07,0.36,5.71
2907,34,5.58,3.14,2.44
24263,45,7.43,5.09,2.34
19160,26,-0.53,4.48,5.01
10962,30,-8.64,5.47,14.11
22283,71,6.5,6.16,0.34
24170,14,5.68,0.09,5.59
16905,34,1.21,4.66,3.45
23795,18,-3.3,-1.74,1.56
5747,2,1.99,5.2,3.21
12578,87,7.67,5.03,2.64
23242,25,4.71,2.7,2.01
24841,31,1.12,-4.22,5.34
2815,7,-4.61,1.09,5.7
11071,67,4.03,3.47,0.56
13235,40,3.35,-0.59,3.94
1526,50,-2.14,-3.85,1.71
2450,55,7.67,-5.03,12.7
1612,0,-8.16,-1.67,6.49
20860,20,7.91,7.18,0.73
5874,43,-8.35,-1.81,6.54
7018,51,3.06,-3.94,7.0
7081,27,4.76,4.06,0.7
11794,2,9.22,-1.05,10.27
20494,48,6.55,7.16,0.61
13672,16,-2.38,-2.52,0.14
9079,47,4.51,3.05,1.46
24322,87,1.6,1.99,0.39
18386,94,0.87,-2.02,2.89
17868,30,1.07,6.84,5.77
21205,69,5.24,5.93,0.69
8878,92,-0.53,1.46,1.99
6232,1,-8.35,-5.78,2.57
8841,96,-8.64,1.04,9.68
19042,32,-7.82,-3.95,3.87
12806,60,6.89,4.86,2.03
14475,76,3.45,-0.14,3.59
6965,23,-3.98,-4.82,0.84
2831,15,-0.39,-4.2,3.81
20444,55,8.06,5.63,2.43
24721,32,-0.63,4.28,4.91
20551,31,1.94,4.65,2.71
19422,24,7.43,7.21,0.22
13852,0,5.05,4.24,0.81
9587,49,8.45,6.83,1.62
5013,51,1.21,4.16,2.95
747,16,-1.26,0.37,1.63
16840,49,3.79,3.87,0.08
11192,45,3.06,6.33,3.27
19346,0,-7.14,0.63,7.77
4172,34,6.7,5.21,1.49
13108,5,-0.29,4.97,5.26
20212,25,7.72,5.48,2.24
867,15,-1.99,-2.05,0.06
3634,79,-1.21,4.25,5.46
22732,1,6.02,2.15,3.87
21491,55,0.29,3.25,2.96
18740,35,5.39,7.3,1.91
20113,96,0.29,-4.1,4.39
4049,22,-3.45,0.84,4.29
13898,40,3.88,1.42,2.46
20067,57,-9.51,-0.28,9.23
9833,42,-2.62,-2.24,0.38
473,52,0.58,5.54,4.96
10306,4,4.47,2.45,2.02
9336,16,-1.55,0.74,2.29
23453,63,9.27,-2.72,11.99
15615,16,0.39,1.49,1.1
2436,17,8.69,2.08,6.61
15809,51,4.56,5.83,1.27
16268,15,-8.06,-5.69,2.37
16114,4,-8.11,-2.29,5.82
24337,14,-9.22,-5.17,4.05
24715,66,-4.22,3.6,7.82
24296,6,2.62,2.76,0.14
7952,9,0.53,4.97,4.44
23433,38,3.69,2.43,1.26
22559,53,-6.6,4.12,10.72
7231,46,5.58,5.17,0.41
21019,94,-1.02,3.98,5.0
2143,85,-3.64,-0.49,3.15
24068,1,-3.88,-5.75,1.87
13382,89,0.19,-3.36,3.55
16973,31,7.57,6.13,1.44
11196,96,-4.22,5.39,9.61
4360,2,-8.69,-2.3,6.39
15639,63,-8.64,-7.53,1.11
23784,47,-3.45,1.92,5.37
625,52,7.52,6.32,1.2
9376,91,3.2,1.35,1.85
2477,50,-9.47,-4.12,5.35
22532,33,-9.51,-7.0,2.51
15686,5,1.55,0.76,0.79
9569,70,-9.56,-4.69,4.87
7289,85,-7.38,-5.38,2.0
20734,56,-6.36,-6.31,0.05
13200,2,2.91,3.19,0.28
12268,55,4.56,-1.63,6.19
14788,92,-2.67,-3.23,0.56
2414,53,6.65,6.09,0.56
13701,43,0.15,2.83,2.68
17296,48,-2.67,-2.5,0.17
8951,1,2.72,3.3,0.58
17914,36,-4.22,0.15,4.37
10857,15,1.36,-0.2,1.56
10815,37,1.17,5.09,3.92
8108,16,-9.56,-2.95,6.61
1037,96,-3.5,-2.94,0.56
964,20,-0.39,4.51,4.9
18636,5,-6.41,-0.8,5.61
16508,10,3.2,5.25,2.05

N = 200                  Did Recommend            Did not Recommend        
Should Recommend         37                       23                       
Should not Recommend     14                       126                      

Precision: 0.725
Recall: 0.617
F-1 Measure: 0.667
Overall Accuracy: 0.815
MAE: 3.33
-----------------------------------
17266,30,3.4,5.44,2.04
21150,51,5.49,4.5,0.99
24156,33,-0.87,0.59,1.46
11220,67,9.17,5.6,3.57
14066,66,0.78,0.75,0.03
5311,37,0.73,5.97,5.24
8934,14,-1.02,-4.69,3.67
10888,18,6.26,4.06,2.2
11877,41,1.89,3.26,1.37
22708,84,3.79,7.09,3.3
13126,83,1.5,5.29,3.79
9035,92,6.75,3.75,3.0
9143,35,-1.21,-4.07,2.86
162,7,0.39,0.29,0.1
12493,42,6.8,0.5,6.3
20651,96,7.52,4.82,2.7
14928,23,-0.78,2.86,3.64
13648,91,-3.4,-4.96,1.56
7587,41,7.82,6.44,1.38
19693,47,4.85,1.77,3.08
1121,27,7.91,6.59,1.32
2667,45,6.12,5.85,0.27
6235,38,2.96,6.15,3.19
11610,21,4.03,5.99,1.96
24566,80,2.96,4.76,1.8
2857,37,3.2,0.68,2.52
23042,76,2.38,-0.27,2.65
2596,14,-0.53,0.7,1.23
22853,35,2.43,5.65,3.22
24217,18,-6.31,-4.34,1.97
2397,22,-5.39,1.67,7.06
22908,15,-4.17,-2.15,2.02
18969,16,-5.15,-5.15,0.0
19637,62,-4.66,-6.42,1.76
2362,39,7.18,6.11,1.07
10052,15,2.33,-4.12,6.45
22932,18,7.09,4.27,2.82
12703,24,5.63,6.61,0.98
16770,26,-3.35,2.06,5.42
8096,33,4.95,5.32,0.37
2710,30,3.01,1.68,1.33
15572,7,3.83,0.49,3.34
12187,51,2.96,-5.61,8.57
6708,41,4.22,1.16,3.06
23386,42,3.01,-1.5,4.51
13897,85,8.83,7.61,1.22
24747,50,-3.01,0.56,3.57
8447,1,2.91,3.76,0.85
1343,22,-6.94,-6.29,0.65
19563,1,6.12,3.86,2.26
4497,51,-6.84,-5.27,1.57
10990,11,3.16,6.91,3.75
12731,65,-4.47,1.91,6.38
9526,61,5.34,5.08,0.26
9312,14,-6.99,0.09,7.08
14503,51,1.31,2.46,1.15
10980,99,-3.74,-3.5,0.24
10807,80,-4.95,5.87,10.82
1468,18,-4.37,0.31,4.68
23775,46,-1.65,5.2,6.85
19312,93,3.25,5.28,2.03
4084,79,9.27,6.27,3.0
20743,21,2.33,-0.46,2.79
11011,72,0.29,4.77,4.48
7450,18,-0.68,1.06,1.74
5863,85,-6.84,-7.07,0.23
16005,62,-1.26,-5.66,4.4
3781,33,3.69,4.35,0.66
6025,33,6.94,1.87,5.07
4185,30,3.69,4.68,0.99
4381,15,-7.23,-5.95,1.28
4506,18,6.5,0.8,5.7
7727,81,-2.96,0.34,3.3
1562,51,6.21,5.87,0.34
14470,1,0.97,0.63,0.34
13876,89,6.31,2.05,4.26
18803,61,-1.65,-0.85,0.8
10954,87,3.3,4.82,1.52
11963,67,7.28,5.46,1.82
20253,20,2.09,4.97,2.88
13477,27,6.55,8.15,1.6
13344,13,1.17,0.79,0.38
12235,36,-1.89,2.68,4.57
5248,45,6.31,2.99,3.32
3280,58,3.35,5.0,1.65
11644,94,-0.15,-2.06,1.91
8628,37,4.81,5.29,0.48
15080,22,0.1,5.8,5.7
5774,48,0.58,4.0,3.42
16911,87,-0.29,-0.99,0.7
22214,44,-1.84,0.14,1.98
23742,1,-7.67,2.38,10.05
12015,68,3.25,6.47,3.22
14063,37,-6.5,-5.98,0.52
15662,25,-7.62,-7.62,0.0
20299,76,-0.1,-4.99,4.89
9475,34,4.85,6.16,1.31
10527,24,-8.3,-4.87,3.43
17922,11,-6.46,-2.62,3.84
17933,20,3.35,5.63,2.28
16420,31,1.46,-3.14,4.6
17188,1,3.25,-1.99,5.24
20530,58,-0.19,3.2,3.39
5777,28,4.56,6.61,2.05
19665,94,7.04,-0.61,7.65
12048,52,-9.61,2.25,11.86
14318,57,-6.84,-3.52,3.32
1441,22,-2.38,-6.74,4.36
9419,51,2.67,3.21,0.54
2168,18,2.67,2.56,0.11
23410,11,6.12,5.3,0.82
23070,1,-0.44,0.53,0.97
5542,17,-8.5,-4.39,4.11
17655,51,6.75,6.06,0.69
12930,24,3.45,6.94,3.49
20734,8,2.62,-5.02,7.64
6912,1,-5.87,3.2,9.07
18488,22,-3.83,2.46,6.29
22775,13,-4.27,-1.49,2.78
9601,42,-2.38,3.53,5.91
23652,55,5.97,5.18,0.79
6626,0,-5.97,-3.21,2.76
16838,50,8.16,6.53,1.63
22893,44,0.78,1.65,0.87
20964,5,8.69,1.75,6.94
2164,1,-9.37,-7.58,1.79
421,7,-7.77,0.62,8.39
14867,61,-0.19,6.82,7.01
18339,51,0.68,5.58,4.9
19423,56,-3.25,-5.39,2.14
14416,7,-1.65,1.22,2.87
20820,90,1.8,4.96,3.16
24904,15,-9.42,-4.89,4.53
6786,46,8.3,6.92,1.38
15703,77,8.16,3.24,4.92
20568,6,3.25,-0.94,4.19
14984,54,-6.75,-4.28,2.47
18487,13,3.98,5.87,1.89
18931,57,-9.13,-1.67,7.46
23801,30,3.11,7.25,4.14
11202,47,5.0,5.56,0.56
21842,22,-6.84,-4.23,2.61
13496,11,2.28,5.95,3.67
4084,39,6.5,6.32,0.18
13052,19,-7.09,1.21,8.3
19765,69,8.79,6.52,2.27
7778,54,3.5,4.2,0.7
14638,52,3.16,0.63,2.53
2222,52,2.96,2.19,0.77
15733,4,-8.5,-1.14,7.36
22189,26,4.9,5.43,0.53
20065,41,7.14,4.28,2.86
12675,42,-3.59,-4.32,0.73
14191,39,-2.62,-5.45,2.83
10714,10,8.93,2.92,6.01
15310,50,3.74,4.83,1.09
23660,5,7.82,8.15,0.33
22012,15,4.13,-1.42,5.55
3809,6,-7.62,-4.08,3.54
24173,37,-3.54,-3.05,0.49
24132,25,0.87,-4.01,4.88
16392,36,1.5,1.39,0.11
16665,22,-9.9,-5.0,4.9
11455,6,-4.56,-3.14,1.42
7855,15,-3.4,1.5,4.9
9049,19,-2.67,-0.62,2.05
24334,0,-7.38,-4.01,3.37
10717,31,6.26,5.54,0.72
1041,33,3.2,5.19,1.99
13393,89,-0.83,2.63,3.46
12713,48,1.65,6.08,4.43
21880,1,-6.8,-5.78,1.02
11736,32,-0.78,-4.61,3.83
16194,79,-5.19,-2.02,3.17
6877,29,-8.69,-4.82,3.87
20706,58,9.13,4.5,4.63
1169,25,0.15,-1.18,1.33
11423,88,2.82,2.4,0.42
18380,72,-2.62,-5.75,3.13
18901,0,-3.35,0.16,3.51
16329,28,5.53,5.22,0.31
7655,3,2.96,5.84,2.88
9744,27,9.37,7.32,2.05
20324,36,-6.21,-1.48,4.73
14248,53,-9.47,-6.43,3.04
14089,26,8.59,7.79,0.8
20017,53,7.28,6.47,0.81
19913,70,6.8,-1.07,7.87
22016,15,-7.33,-7.08,0.25
13896,28,4.9,2.49,2.41
5117,48,-7.04,-3.03,4.01
19214,18,6.31,4.5,1.81
13392,20,-3.69,4.82,8.51
22794,90,-9.85,-0.17,9.68
19572,55,5.92,6.64,0.72
16638,17,0.97,-1.49,2.46
13874,65,8.74,7.02,1.72
2462,80,1.7,-5.62,7.32
13991,39,-6.12,3.67,9.79
22032,80,7.14,6.02,1.12

N = 200                  Did Recommend            Did not Recommend        
Should Recommend         29                       19                       
Should not Recommend     29                       123                      

Precision: 0.5
Recall: 0.604
F-1 Measure: 0.547
Overall Accuracy: 0.76
MAE: 3.08
-----------------------------------
18305,56,-7.04,-6.65,0.39
18983,29,1.84,5.65,3.81
8634,88,6.65,5.4,1.25
2084,33,9.13,6.93,2.2
1539,27,-7.43,0.95,8.38
23962,2,2.52,-2.39,4.91
16370,18,-9.42,2.76,12.18
18045,54,0.53,-4.05,4.58
10155,96,3.59,3.54,0.05
5072,7,1.31,-0.96,2.27
9612,82,-6.21,-0.11,6.1
14366,22,-0.19,-4.34,4.15
20457,9,1.84,0.93,0.91
22587,15,-5.73,-6.58,0.85
7114,35,-8.79,-2.88,5.91
8622,52,-8.5,-5.89,2.61
6863,50,4.95,5.66,0.71
13215,42,5.19,5.22,0.03
6764,49,6.8,7.19,0.39
760,32,-2.23,3.61,5.84
24469,54,1.17,3.4,2.23
4467,37,5.0,1.24,3.76
20094,15,-9.61,-2.46,7.15
14545,11,-3.59,-4.17,0.58
8076,28,2.82,6.81,3.99
12552,39,4.76,5.51,0.75
9780,68,8.74,7.66,1.08
24705,45,0.49,-1.84,2.33
21318,48,4.22,5.33,1.11
2308,14,7.33,5.46,1.87
7368,35,7.96,7.08,0.88
15774,78,-2.82,-6.69,3.87
4043,46,8.54,4.97,3.57
14105,4,5.78,-0.12,5.9
5663,55,2.72,6.3,3.58
6084,66,-1.21,3.25,4.46
5074,35,2.67,4.87,2.2
14544,19,-8.98,-0.79,8.19
24912,0,-4.61,0.12,4.73
18014,29,-9.81,-7.37,2.44
6441,22,0.15,3.88,3.73
24245,41,-0.49,2.07,2.56
23926,85,-0.63,1.16,1.79
6927,51,-9.61,-6.65,2.96
9311,34,6.46,7.22,0.76
8291,57,-8.83,-4.97,3.86
18289,60,3.5,5.9,2.4
15575,36,6.02,0.93,5.09
8265,24,-0.1,1.35,1.45
1875,8,2.38,5.26,2.88
7338,68,3.4,1.67,1.73
2395,56,-8.64,0.99,9.63
16647,53,1.65,5.88,4.23
22471,39,0.92,3.22,2.3
3361,56,7.28,5.95,1.33
3078,61,8.06,4.72,3.34
23601,47,0.49,6.18,5.69
6750,53,8.88,2.09,6.79
256,27,-9.17,-3.92,5.25
11115,53,6.94,5.05,1.89
12586,21,-8.69,-0.81,7.88
16778,11,1.31,1.09,0.22
14561,40,-8.3,5.01,13.31
14095,49,8.4,8.0,0.4
16764,40,7.62,-1.73,9.35
19228,12,3.3,-1.76,5.06
24342,55,6.12,3.9,2.22
22665,36,2.96,-0.21,3.17
22562,49,3.54,4.02,0.48
14784,21,5.29,-0.01,5.3
23515,35,-2.57,1.72,4.29
410,49,2.77,5.64,2.87
4786,3,-0.68,1.34,2.02
8991,53,3.93,5.92,1.99
8809,30,4.17,2.84,1.33
1743,33,-3.79,-3.49,0.3
22361,47,3.83,1.75,2.08
22817,50,-0.78,-6.61,5.83
23467,47,9.22,7.74,1.48
3923,48,1.5,6.98,5.48
11084,67,2.23,4.26,2.03
10384,37,5.24,5.2,0.04
21047,67,6.7,6.59,0.11
17065,56,-1.41,-4.14,2.73
17870,9,4.32,3.29,1.03
13706,25,9.03,6.11,2.92
10060,9,5.34,-0.51,5.85
19323,14,-4.81,-2.58,2.23
2568,28,5.92,6.84,0.92
20891,52,9.03,7.55,1.48
845,61,-2.52,-6.5,3.98
10786,41,9.37,6.96,2.4
3426,38,0.29,3.69,3.4
19402,26,6.12,6.03,0.09
3812,77,5.68,3.72,1.96
11518,57,-9.61,-2.0,7.61
7699,34,3.54,6.17,2.63
10117,21,-0.92,-0.9,0.02
5791,64,2.43,4.76,2.33
7303,91,4.71,4.61,0.1
8124,37,8.01,2.08,5.93
158,42,-2.67,-0.44,2.23
8493,49,5.15,6.21,1.06
18486,21,2.38,0.66,1.72
12880,22,-1.36,2.43,3.79
19224,52,5.73,4.86,0.87
15065,20,-0.29,4.4,4.69
13905,86,8.4,5.98,2.42
1478,36,-6.84,-4.06,2.78
12542,24,3.69,6.87,3.18
12801,25,7.18,3.11,4.07
9897,67,4.85,4.41,0.44
8343,50,-3.54,-5.26,1.72
8168,60,4.51,1.98,2.53
11156,90,-0.1,1.83,1.93
20544,55,-6.5,-5.1,1.4
23084,68,-1.75,-1.19,0.56
18408,41,6.6,4.41,2.19
5044,2,-0.49,4.67,5.16
9121,14,4.51,-1.06,5.57
16496,48,4.51,3.78,0.73
18915,48,5.0,6.16,1.16
9419,33,0.87,3.02,2.15
23583,8,1.31,-3.62,4.93
18055,61,-3.98,4.99,8.97
1741,13,3.16,3.9,0.74
19747,9,2.52,-0.57,3.09
19543,53,6.36,7.01,0.65
600,88,9.08,1.68,7.4
5733,10,3.88,5.71,1.83
9945,9,-0.1,5.22,5.32
13859,28,2.57,6.46,3.89
23738,24,7.04,5.68,1.36
18747,20,1.31,5.77,4.46
3746,4,2.18,3.67,1.49
714,13,-6.84,-4.22,2.62
15255,31,-0.68,4.39,5.07
4006,43,-7.57,-7.38,0.19
19110,27,0.53,4.51,3.98
7269,27,3.11,2.99,0.12
23269,33,8.06,4.09,3.97
5469,48,7.96,5.33,2.63
2830,0,1.6,2.34,0.74
5333,96,7.72,7.67,0.05
17212,72,7.04,5.86,1.18
6764,59,-8.11,6.22,14.33
708,73,-9.27,-3.6,5.67
18436,68,-2.62,-5.31,2.69
14303,64,5.78,6.98,1.2
23166,38,-0.24,1.89,2.13
9336,6,6.07,2.84,3.23
8397,10,6.99,7.35,0.36
3285,29,-6.07,-6.05,0.02
9723,59,-0.92,0.89,1.81
19655,68,7.62,7.14,0.48
1690,20,-8.06,-1.29,6.77
17534,22,-0.44,0.1,0.54
2751,43,-1.07,0.45,1.52
16027,87,7.04,1.48,5.56
3570,13,6.07,3.27,2.8
22514,38,2.86,4.24,1.38
9565,14,-7.23,-1.14,6.09
9615,58,-9.95,-0.62,9.33
2087,40,-9.47,-4.98,4.49
12189,64,4.08,1.83,2.25
6393,66,-9.61,-6.92,2.69
11325,39,8.35,5.23,3.12
23220,65,-0.63,5.91,6.54
14803,61,1.94,-2.94,4.88
2282,6,-2.91,-5.17,2.26
2718,76,-7.67,2.5,10.17
4186,37,4.42,4.12,0.3
18333,10,5.1,3.84,1.26
11059,46,7.62,5.36,2.26
13444,14,5.53,1.02,4.51
21480,64,4.08,6.64,2.56
22759,21,4.61,5.55,0.94
23555,65,0.44,5.06,4.62
13073,11,-5.73,-2.34,3.39
1274,59,0.1,-4.46,4.56
20532,31,-1.17,4.99,6.16
5232,16,-4.95,-4.61,0.34
21343,24,5.34,6.34,1.0
9231,58,-8.11,-5.43,2.68
15844,12,-3.3,-4.17,0.87
2275,15,-7.62,-3.38,4.24
20866,53,1.07,-4.53,5.6
15763,14,2.14,-1.58,3.72
11737,35,6.12,6.05,0.07
1413,6,2.43,6.17,3.74
3124,9,4.9,-3.4,8.3
24595,67,-0.68,3.7,4.38
14673,91,0.87,4.33,3.46
10222,29,-9.03,-5.04,3.99
19307,69,3.83,1.05,2.78
8546,67,3.3,5.94,2.64
12538,9,5.92,2.72,3.2
16531,54,9.03,1.55,7.47
7446,67,7.91,2.39,5.52
16195,11,-1.84,-2.22,0.38

N = 200                  Did Recommend            Did not Recommend        
Should Recommend         34                       25                       
Should not Recommend     27                       114                      

Precision: 0.557
Recall: 0.576
F-1 Measure: 0.566
Overall Accuracy: 0.74
MAE: 3.21
-----------------------------------
13740,37,-8.5,0.74,9.24
8014,28,4.51,1.65,2.85
1417,94,6.36,3.84,2.52
22943,14,-9.61,-4.89,4.72
7866,54,-5.05,-2.35,2.7
1558,67,3.3,2.43,0.87
18936,36,-4.71,-4.6,0.11
17831,35,-2.48,6.63,9.11
3725,46,-8.64,-6.89,1.75
19688,25,-0.39,3.97,4.36
7937,9,0.1,-3.11,3.21
10036,28,6.36,6.92,0.56
6169,23,6.36,7.42,1.06
12363,35,2.86,4.71,1.85
24909,4,-4.47,-5.69,1.22
14570,77,7.52,3.08,4.44
10322,3,3.35,-2.66,6.01
3338,23,1.5,-0.79,2.29
17554,79,-2.96,-6.05,3.09
22295,19,2.43,4.9,2.47
13229,16,2.62,1.42,1.2
12122,24,5.1,1.65,3.45
22405,20,-7.82,-6.9,0.92
11764,20,6.31,-0.85,7.16
3335,34,5.97,2.32,3.65
14145,26,1.94,4.63,2.69
2459,42,8.79,5.55,3.24
19037,48,0.24,3.45,3.21
24464,24,4.95,-1.34,6.29
17431,14,4.17,-1.54,5.71
9329,40,3.69,-5.73,9.42
18866,69,-9.32,-6.37,2.95
21432,65,2.52,-2.19,4.71
4555,59,-8.54,1.02,9.56
5471,58,-1.26,2.52,3.78
14236,49,5.83,6.97,1.14
10314,85,8.74,-1.69,10.43
15088,26,6.8,4.48,2.32
12477,93,1.46,-1.22,2.68
22844,55,-6.55,1.24,7.79
13515,63,1.5,1.02,0.48
17586,22,-2.14,-3.67,1.53
24613,42,0.1,2.5,2.4
17626,69,2.18,6.0,3.82
7652,54,-8.16,1.79,9.95
13486,31,0.53,1.87,1.34
2442,19,8.59,-0.88,9.47
3603,59,7.48,-5.83,13.31
1981,55,-5.68,-0.57,5.11
15056,22,-8.45,5.71,14.16
15667,5,9.03,1.66,7.37
22185,33,1.55,5.61,4.06
16826,20,-2.67,0.01,2.68
21567,30,6.41,6.43,0.02
11052,76,5.83,4.41,1.42
15399,46,6.65,-1.57,8.22
23484,22,8.88,-1.52,10.4
1713,47,8.54,4.86,3.68
4716,15,7.62,-2.56,10.18
22068,88,9.17,5.52,3.65
23221,20,0.87,0.18,0.69
15319,61,0.92,1.92,1.0
16821,35,1.6,1.27,0.33
11206,51,-3.54,-0.59,2.95
19541,53,5.44,5.35,0.09
14097,63,5.87,0.85,5.02
19172,91,1.99,4.27,2.28
12504,32,-6.65,-7.24,0.59
4886,96,7.82,2.18,5.64
24979,92,-1.46,2.59,4.05
13274,55,4.17,-0.29,4.46
20576,65,1.84,6.23,4.39
13005,25,-2.62,-6.36,3.74
13470,98,-7.23,2.24,9.47
23929,65,5.68,6.28,0.6
17032,64,2.82,6.82,4.0
1612,52,2.77,3.41,0.64
20881,11,8.5,5.61,2.89
17350,3,-1.55,-4.46,2.91
22277,49,8.93,7.13,1.8
9428,67,4.47,5.6,1.13
10467,67,2.18,7.21,5.03
12079,28,4.32,6.26,1.94
18089,33,4.17,6.87,2.7
2242,32,0.05,-0.93,0.98
10741,37,2.67,-2.4,5.07
13798,75,-3.98,-0.54,3.44
22268,20,-4.32,-1.34,2.98
2759,10,-1.84,6.08,7.92
3526,67,-1.36,-2.86,1.5
23590,93,1.75,-0.07,1.82
14114,99,3.01,2.71,0.3
21470,93,-3.98,-5.62,1.64
13336,71,-2.48,-1.19,1.29
11631,18,8.88,4.36,4.52
10288,46,8.83,5.78,3.05
4491,27,5.53,6.83,1.3
15263,55,-0.87,-2.11,1.24
21074,98,5.44,3.72,1.72
2861,61,-2.23,2.64,4.87
16033,32,3.25,2.88,0.37
6334,31,4.51,6.84,2.33
12423,12,-3.11,1.59,4.7
19501,17,-3.35,-1.64,1.71
7268,51,-1.17,4.41,5.58
126,49,-0.49,-2.26,1.77
659,25,4.9,5.34,0.44
1405,34,7.67,6.89,0.78
1712,37,7.28,5.23,2.05
10951,53,6.5,6.18,0.32
18447,15,-0.05,-5.96,5.91
20530,72,8.64,4.99,3.65
13530,17,-7.09,-2.37,4.72
9739,10,-6.46,-2.04,4.42
15999,64,6.7,6.61,0.09
18478,41,-8.5,3.07,11.57
3633,40,2.04,-3.72,5.76
156,60,-2.09,-0.39,1.7
14972,55,5.73,5.83,0.1
8283,71,4.27,-1.81,6.08
1797,90,-7.72,-5.87,1.85
17848,49,3.93,1.79,2.14
16151,0,6.84,-1.53,8.37
6513,20,4.51,5.62,1.11
19334,35,-0.29,5.29,5.58
23789,49,-0.19,6.14,6.33
24339,93,2.57,0.31,2.26
1227,56,7.43,4.59,2.84
11991,29,7.48,6.57,0.91
23735,17,-7.62,-6.24,1.38
14882,52,7.09,5.37,1.72
8755,46,9.13,1.67,7.46
16722,76,4.08,3.46,0.62
23237,58,-9.81,-5.7,4.11
1347,87,1.07,1.0,0.07
8825,10,4.17,1.13,3.04
24811,41,8.4,7.02,1.38
7734,28,-0.83,2.54,3.37
21711,26,-0.58,4.69,5.27
2388,22,9.22,6.23,2.99
1814,0,-9.42,-6.49,2.93
8556,24,-0.73,2.28,3.01
7874,72,-9.03,-2.76,6.27
3442,51,-0.58,-5.38,4.8
3957,3,1.5,4.39,2.89
20001,62,-5.87,0.11,5.98
7619,67,7.09,7.24,0.15
14769,66,-4.08,0.1,4.18
10672,60,5.58,5.84,0.26
22035,5,7.14,6.01,1.13
4714,35,5.29,5.98,0.69
9621,51,0.24,5.12,4.88
24522,52,6.65,5.91,0.74
5931,9,-5.58,-5.34,0.24
13817,37,1.89,4.25,2.36
16921,41,0.49,2.54,2.05
2994,38,6.99,4.72,2.27
13254,2,-0.05,4.95,5.0
7252,61,7.18,1.54,5.64
6553,28,2.86,3.28,0.42
6474,62,-1.46,1.44,2.9
20201,6,-6.41,-2.63,3.78
3340,0,7.77,5.08,2.69
22338,86,5.39,2.74,2.65
24457,4,-5.05,-0.26,4.79
1695,37,-0.1,1.95,2.05
14747,20,6.99,5.42,1.57
24336,77,8.74,4.52,4.22
8294,83,2.33,4.1,1.77
9837,41,-0.63,-0.04,0.59
315,24,7.82,1.36,6.46
324,5,0.19,4.31,4.12
13915,3,-3.93,-1.84,2.09
1992,43,-8.69,-7.06,1.63
21987,12,-3.54,0.19,3.73
13899,2,-9.32,-3.63,5.69
18311,39,-4.17,-3.71,0.46
19274,65,-1.94,-2.32,0.38
20103,28,8.3,6.52,1.78
3421,39,1.8,4.17,2.37
11751,20,7.86,-1.2,9.06
10629,51,-0.24,3.59,3.83
4697,13,-6.99,-0.45,6.54
2555,51,-0.78,-0.75,0.03
589,42,5.68,7.45,1.77
8008,27,1.36,1.79,0.43
6995,45,3.88,4.41,0.53
16233,63,2.62,0.41,2.21
22316,7,-4.61,-0.37,4.24
16304,85,0.73,3.6,2.87
19833,64,8.59,6.45,2.14
22632,33,7.96,4.84,3.12
18334,35,7.52,4.17,3.35
15675,82,1.89,3.33,1.44
5034,38,-0.97,2.35,3.32
2988,35,6.36,-0.36,6.72
11632,64,6.8,7.55,0.75
7385,98,-6.84,0.54,7.38
14777,33,-0.05,1.72,1.77
20439,60,-0.78,-4.2,3.42

N = 200                  Did Recommend            Did not Recommend        
Should Recommend         32                       32                       
Should not Recommend     17                       119                      

Precision: 0.653
Recall: 0.5
F-1 Measure: 0.566
Overall Accuracy: 0.755
MAE: 3.43
-----------------------------------
11915,88,7.67,5.65,2.02
14830,69,5.73,5.49,0.24
19373,19,-2.38,2.8,5.18
11600,20,3.06,2.43,0.63
23838,68,2.33,1.06,1.27
21306,66,-6.6,-5.36,1.24
10130,33,1.99,5.72,3.73
20047,22,8.2,3.81,4.39
9568,73,1.07,-0.26,1.33
6499,52,5.19,4.12,1.07
18452,22,0.83,-1.19,2.02
9523,43,-4.37,-7.21,2.84
248,55,5.68,5.54,0.14
12133,23,-2.96,1.07,4.03
6560,18,-4.13,3.71,7.84
23558,96,9.13,-0.37,9.5
14163,5,-9.13,-6.7,2.43
20333,58,-8.35,-4.9,3.45
5912,39,4.47,7.96,3.49
9103,54,-3.4,3.26,6.66
3673,45,-7.62,2.81,10.43
5359,34,-1.02,3.36,4.38
7287,6,-4.51,3.13,7.64
24400,78,1.7,1.7,0.0
22294,91,7.09,7.18,0.09
9713,81,-2.18,6.46,8.64
20000,47,0.73,5.5,4.77
14634,65,2.33,2.91,0.58
20197,2,-5.24,-6.21,0.97
2452,12,-9.32,-6.61,2.71
18579,93,-9.56,5.13,14.69
14144,5,6.84,5.39,1.45
15201,32,-4.47,-0.83,3.64
13162,36,-1.02,2.15,3.17
17159,54,3.25,2.91,0.34
13338,59,0.49,-3.5,3.99
17580,33,-1.07,-4.06,2.99
24471,32,-7.14,-6.49,0.65
10318,81,-1.65,1.44,3.09
10795,61,5.44,6.49,1.05
13818,67,6.21,4.72,1.49
13708,73,-2.14,0.36,2.5
5850,31,2.77,6.3,3.53
13229,31,7.72,6.39,1.33
11570,9,0.0,4.0,4.0
13235,27,0.53,1.18,0.65
5061,0,1.84,5.82,3.98
9498,26,2.09,3.87,1.78
7127,3,3.01,-1.0,4.01
6974,13,5.29,-0.63,5.92
16732,50,-8.06,-1.29,6.77
17033,13,7.09,5.63,1.46
8771,40,5.58,6.31,0.73
1236,58,0.19,4.52,4.33
15664,47,0.58,3.08,2.5
22956,32,6.31,-1.11,7.42
4805,31,6.99,4.38,2.61
8030,90,-5.83,-2.33,3.5
10181,99,5.87,-1.16,7.03
2881,49,6.5,6.42,0.08
8921,27,-4.08,-4.23,0.15
445,66,-5.73,-0.64,5.09
9276,44,-0.29,-1.63,1.34
18509,93,5.63,4.27,1.36
22983,74,0.87,0.75,0.12
9169,14,1.12,0.08,1.04
9683,80,6.55,4.54,2.01
12416,6,-6.6,6.29,12.89
5005,82,8.59,6.12,2.47
10139,43,-3.5,-1.1,2.4
10512,47,-0.39,6.11,6.5
15871,2,-8.25,-5.24,3.01
20284,28,5.29,6.52,1.23
19729,62,-3.4,1.13,4.53
16882,52,-0.73,-2.32,1.59
14703,65,4.42,5.59,1.17
10120,83,-1.02,-3.66,2.64
14739,57,-8.93,-5.04,3.89
10193,65,5.83,6.52,0.69
8984,66,-9.37,0.61,9.98
23722,57,-9.08,-5.82,3.26
22750,43,6.99,6.99,0.0
4974,38,9.08,3.74,5.34
550,13,1.8,4.75,2.95
11886,28,9.22,7.41,1.81
11129,29,9.08,6.46,2.62
18500,19,3.83,3.69,0.14
19042,89,1.17,1.24,0.07
20014,60,5.73,6.19,0.46
14431,5,-3.01,-0.9,2.11
17532,53,8.45,4.82,3.63
5470,7,4.9,4.2,0.7
3320,60,2.86,3.87,1.01
12811,30,2.09,4.35,2.26
624,24,-1.46,4.06,5.52
12477,77,-0.58,-3.05,2.47
10422,14,0.44,-2.53,2.97
24419,4,-2.91,3.03,5.94
2748,18,-3.74,-4.27,0.53
24850,41,-0.39,-3.12,2.73
16933,55,3.25,3.18,0.07
6082,10,1.17,5.48,4.31
23102,5,2.96,0.26,2.7
3932,95,3.83,4.06,0.23
22653,25,-9.27,-4.81,4.46
3106,47,-0.87,-6.11,5.24
6205,15,-6.46,-0.71,5.75
12096,46,8.88,1.63,7.25
13952,81,3.3,5.19,1.89
11298,50,8.3,5.1,3.2
19397,38,2.14,3.9,1.76
23485,34,5.34,1.81,3.53
12285,18,-4.76,-5.7,0.94
22996,4,-0.78,0.24,1.02
5460,80,-9.71,-1.55,8.16
17804,14,-1.46,2.75,4.21
6519,69,-0.97,0.04,1.01
23716,34,2.52,3.45,0.93
17572,18,3.88,3.96,0.08
9357,52,-0.58,-7.12,6.54
15502,64,5.15,-5.16,10.31
11526,55,8.35,1.4,6.95
2964,13,-4.56,1.07,5.63
5692,76,9.13,3.75,5.38
1135,91,5.83,2.19,3.64
16802,37,8.69,7.18,1.51
15510,26,8.01,6.5,1.51
1762,12,-7.62,-3.06,4.56
9572,12,-8.16,-2.1,6.06
1797,29,-8.45,-6.26,2.19
3263,52,-9.71,0.36,10.07
5153,18,-4.13,-0.67,3.46
2422,28,2.23,0.8,1.43
8064,21,-7.86,4.39,12.25
15313,84,-9.71,-5.45,4.26
17946,35,-5.34,5.52,10.86
13794,24,3.74,4.18,0.44
18213,8,2.38,-6.93,9.31
18974,5,-2.33,-1.37,0.96
12899,50,6.6,5.25,1.35
3138,60,5.34,7.21,1.87
9704,72,3.16,4.94,1.78
18799,2,-5.19,-5.74,0.55
6183,18,-6.99,1.47,8.46
19418,15,-5.63,-5.29,0.34
6502,55,8.69,4.22,4.47
8541,63,-0.29,-2.68,2.39
23643,60,3.25,2.91,0.34
9014,24,0.73,7.12,6.39
24551,68,0.87,0.88,0.01
2315,89,1.02,-5.31,6.33
932,59,-9.51,-3.65,5.86
12842,38,-8.11,-7.97,0.14
24634,69,-0.39,2.53,2.92
22684,35,1.21,1.06,0.15
4402,52,9.13,4.16,4.97
11635,38,7.18,5.58,1.6
11580,53,-3.25,2.18,5.43
6912,2,5.58,3.61,1.97
10096,12,-9.66,-2.54,7.12
6343,47,2.86,5.11,2.25
6922,1,-7.18,2.41,9.59
3765,27,0.29,6.57,6.28
14562,5,1.55,-3.3,4.85
11025,35,5.39,5.82,0.43
13139,70,2.67,6.77,4.1
8487,52,3.11,-0.59,3.7
14659,32,8.69,-1.27,9.96
6571,9,8.01,6.13,1.88
24108,48,0.63,6.01,5.38
21461,62,4.76,3.25,1.51
1627,3,0.87,-3.14,4.01
18270,27,-2.33,-0.97,1.36
19108,43,-7.38,-4.99,2.39
3906,63,-4.81,-3.14,1.67
4480,9,5.44,6.87,1.43
6209,45,-2.48,1.05,3.53
15700,69,-4.13,-4.99,0.86
17812,65,9.03,7.05,1.98
9068,23,-5.97,-3.89,2.08
15796,33,-6.8,-7.07,0.27
6100,35,-0.1,5.76,5.86
9100,1,6.84,2.76,4.08
3260,74,-5.34,-2.0,3.34
8043,80,-5.19,-1.79,3.4
18693,68,0.15,4.22,4.07
10252,16,-2.96,-1.05,1.91
17124,39,-4.42,5.21,9.63
12033,68,-0.34,1.02,1.36
5274,47,1.5,4.55,3.05
21743,40,-4.81,2.21,7.02
2087,51,1.75,-1.81,3.56
22885,19,-6.75,-6.51,0.24
3512,12,0.0,-2.86,2.86
16528,24,-2.38,-3.14,0.76
8422,31,4.17,6.15,1.98
1491,66,9.22,7.15,2.07
7821,9,4.37,0.6,3.77
10795,68,2.82,6.68,3.86
739,28,0.15,1.04,0.89

N = 200                  Did Recommend            Did not Recommend        
Should Recommend         28                       23                       
Should not Recommend     22                       127                      

Precision: 0.56
Recall: 0.549
F-1 Measure: 0.554
Overall Accuracy: 0.775
MAE: 3.38
-----------------------------------
6476,56,8.45,1.95,6.5
7338,45,-0.78,-0.25,0.53
6425,1,8.74,7.35,1.39
15054,8,-7.57,-2.04,5.53
7321,69,-5.53,1.66,7.19
5441,63,0.97,-0.21,1.18
23972,8,6.5,3.92,2.58
2059,89,3.01,1.63,1.38
9556,9,3.88,5.01,1.13
12907,54,4.13,7.78,3.65
21002,70,-6.89,-5.29,1.6
6055,22,-4.32,-6.16,1.84
8385,64,7.28,2.17,5.11
1055,87,-4.08,2.24,6.32
16365,40,-3.3,0.73,4.03
11954,50,7.38,5.97,1.41
12423,95,2.28,6.49,4.21
17655,64,-1.89,6.95,8.84
15150,18,-3.93,-0.95,2.98
230,55,-8.4,5.18,13.58
10873,51,1.12,-5.93,7.05
12183,7,6.5,-1.46,7.96
4376,90,-7.33,-6.43,0.9
11342,55,-0.05,0.06,0.11
1332,2,2.72,2.01,0.71
13474,84,5.24,4.94,0.3
24552,19,-2.38,-0.02,2.36
8877,46,-0.49,3.72,4.21
5155,40,-0.29,-2.05,1.76
11949,68,6.5,6.33,0.17
19648,14,3.01,-0.52,3.53
6275,87,4.71,0.68,4.03
18336,29,-8.25,4.77,13.02
5819,5,-9.81,-7.24,2.57
22097,7,-4.81,-3.91,0.9
21681,6,-3.5,-5.68,2.18
4646,28,6.46,5.65,0.81
18954,38,9.03,7.54,1.49
24037,54,-0.24,0.6,0.84
14629,69,-5.49,-2.31,3.18
19828,69,-7.33,4.61,11.94
840,62,-5.44,-6.26,0.82
20476,90,4.95,3.36,1.59
17289,69,-9.17,-6.94,2.23
20225,54,1.36,5.0,3.64
15395,4,7.67,3.03,4.64
214,12,-9.85,-2.74,7.11
8699,60,7.38,4.64,2.74
10121,73,-4.17,-6.0,1.83
2873,38,-6.84,3.11,9.95
9855,38,2.62,2.95,0.33
21392,83,-2.43,-0.3,2.13
15571,46,-6.41,1.43,7.84
22840,33,4.27,6.41,2.14
6504,30,3.01,7.0,3.99
23623,2,-4.22,4.53,8.75
21346,27,7.96,2.43,5.53
12049,7,-9.27,-5.78,3.49
23449,5,-0.87,3.47,4.34
6533,80,1.12,5.11,3.99
23386,50,-9.51,0.79,10.3
9156,51,-0.97,-2.27,1.3
3745,46,-1.07,-1.13,0.06
11389,19,8.4,7.46,0.94
1993,34,4.13,5.92,1.79
15005,52,0.73,4.45,3.72
24739,50,-7.91,-3.04,4.87
18735,10,7.33,6.48,0.85
22363,48,-3.64,3.71,7.35
11324,64,0.63,0.81,0.18
19457,85,-7.77,-4.51,3.26
21214,4,3.01,-2.33,5.34
13325,29,-5.05,-6.41,1.36
10285,1,1.75,1.22,0.53
4439,76,-7.14,-6.01,1.13
15379,28,-0.24,4.2,4.44
5775,43,-6.02,-7.88,1.86
20890,40,-4.08,-1.15,2.93
12476,65,-8.11,4.3,12.41
14119,46,4.42,3.94,0.48
23661,28,-3.01,4.69,7.7
10812,28,3.35,-5.59,8.94
6642,9,4.56,4.69,0.13
16200,18,-0.83,-3.48,2.65
20682,54,-0.29,5.25,5.54
23374,46,9.37,6.62,2.75
16294,58,-1.46,-7.3,5.84
7880,55,8.69,6.55,2.14
15675,57,-9.22,-5.11,4.11
18932,16,2.82,-2.35,5.17
1535,69,7.48,6.0,1.48
15390,5,3.11,-1.13,4.24
2493,96,-7.33,2.47,9.8
15948,16,-6.46,-5.92,0.54
12579,15,-9.13,-1.28,7.85
23070,55,-0.73,0.71,1.44
3019,82,8.98,3.43,5.55
22127,40,4.56,-1.49,6.05
934,55,0.63,-1.27,1.9
9341,68,1.7,5.64,3.94
17832,50,-1.5,2.79,4.29
8212,60,-3.64,0.14,3.78
10773,19,6.75,1.56,5.19
19664,67,4.47,-0.49,4.96
15501,16,5.53,3.54,1.99
7302,11,6.65,6.77,0.12
9112,31,6.07,5.76,0.31
18541,0,7.04,3.57,3.47
1362,15,-4.61,-7.86,3.25
7870,55,1.89,5.57,3.68
5954,69,-7.43,-6.51,0.92
12000,9,7.82,4.91,2.91
23652,88,7.96,3.99,3.97
15049,66,-6.8,3.67,10.47
8743,56,-9.9,-2.11,7.79
6494,99,-9.27,-2.1,7.17
17345,31,4.42,2.93,1.49
12303,25,8.83,6.77,2.06
22284,52,-4.76,-5.51,0.75
10505,35,5.15,-0.42,5.57
17452,5,-9.9,-4.48,5.42
940,46,-2.91,6.76,9.67
15003,82,7.57,6.34,1.23
20044,25,0.68,1.84,1.16
337,36,-7.14,-5.35,1.79
11169,57,-9.51,-0.95,8.56
22524,38,-3.06,-0.52,2.54
6183,56,-4.9,-1.85,3.05
16599,60,-6.36,5.17,11.53
16461,29,7.09,5.16,1.93
5005,52,9.27,6.69,2.58
17611,88,8.59,4.95,3.64
21535,32,2.57,4.88,2.31
12816,27,5.34,6.14,0.8
23878,20,3.35,5.9,2.55
9639,30,2.62,-6.32,8.94
12796,94,6.7,4.95,1.75
9270,51,-9.61,0.05,9.66
19659,27,2.96,3.14,0.18
19563,51,1.12,4.57,3.45
2933,22,-1.31,-0.67,0.64
20364,67,-7.18,0.21,7.39
3633,50,-3.16,-4.68,1.52
762,34,2.04,5.21,3.17
24209,12,-5.34,0.67,6.01
22110,84,8.25,3.89,4.36
15609,54,8.11,6.78,1.33
12153,86,-1.12,-1.48,0.36
14814,74,3.59,3.09,0.5
14953,48,4.03,-1.33,5.36
13345,79,4.66,0.34,4.32
12542,52,3.93,7.31,3.38
22563,1,3.06,3.26,0.2
15408,13,-5.0,4.53,9.53
22653,48,-9.85,-4.54,5.31
16634,85,-2.96,-4.07,1.11
17685,26,7.91,6.55,1.36
21500,14,-5.49,-0.78,4.71
20193,4,6.21,2.78,3.43
20496,32,6.8,2.46,4.34
14589,76,2.38,4.91,2.53
11368,6,6.21,-0.23,6.44
22885,20,3.35,-5.01,8.36
24533,27,-2.52,-0.77,1.75
10316,90,7.57,4.45,3.12
19537,51,8.74,5.78,2.96
1117,59,-0.34,2.11,2.45
5963,25,8.88,5.51,3.37
24703,38,6.65,7.4,0.75
13235,87,8.2,1.66,6.54
20122,54,-8.16,1.44,9.6
6220,47,2.09,6.47,4.38
19142,54,5.29,4.34,0.95
8779,13,2.62,4.86,2.24
12036,44,-6.94,-6.2,0.74
1932,64,9.13,6.88,2.25
6242,18,-9.56,-1.99,7.57
6709,17,6.21,3.47,2.74
16997,2,4.27,-6.47,10.74
12603,65,4.71,4.4,0.31
89,50,9.27,4.29,4.98
23860,55,5.53,5.27,0.26
20364,82,1.94,-1.82,3.76
11928,62,-0.97,0.46,1.43
15838,12,-7.67,-0.73,6.94
14761,65,5.29,5.33,0.04
11941,13,3.3,6.69,3.39
23184,17,2.52,-2.32,4.84
9574,37,0.1,-4.59,4.69
4273,36,-1.6,-2.45,0.85
10165,66,-0.73,-0.47,0.26
15700,56,-7.48,-5.83,1.65
284,16,-4.61,-6.4,1.79
10930,84,-8.54,1.93,10.47
22373,64,5.97,5.54,0.43
23767,31,5.1,0.38,4.72
18364,35,7.09,5.38,1.71
1005,18,-8.3,-4.17,4.13
18232,24,5.1,6.77,1.67
21502,24,3.4,6.05,2.65

N = 200                  Did Recommend            Did not Recommend        
Should Recommend         28                       27                       
Should not Recommend     21                       124                      

Precision: 0.571
Recall: 0.509
F-1 Measure: 0.538
Overall Accuracy: 0.76
MAE: 3.73
-----------------------------------
18814,31,6.7,6.58,0.12
24863,51,1.07,5.58,4.51
17199,60,2.91,2.01,0.9
18369,54,-1.65,-4.61,2.96
16599,51,6.55,2.81,3.74
10828,49,0.19,6.5,6.31
912,83,7.72,5.29,2.43
23035,37,5.97,3.54,2.43
4946,41,6.07,6.44,0.37
19531,31,8.3,6.85,1.45
11366,12,2.91,-2.56,5.47
8094,81,-8.25,-0.66,7.59
22527,69,5.63,4.62,1.01
3443,79,2.43,5.86,3.43
8759,21,7.23,7.47,0.24
829,33,-0.34,0.13,0.47
18674,61,1.5,-5.04,6.54
17649,16,3.79,0.96,2.83
5764,1,2.14,1.82,0.32
16351,43,8.93,-2.18,11.11
22957,57,8.35,-1.97,10.32
5162,73,0.73,-4.99,5.72
6781,40,-0.68,0.36,1.04
5170,34,4.22,5.59,1.37
22504,55,1.21,4.55,3.34
22748,67,4.85,4.29,0.56
1486,41,1.21,-2.12,3.33
4536,34,7.43,4.11,3.32
6514,21,-3.88,-1.35,2.53
12723,42,-4.51,-2.24,2.27
15803,35,-0.15,0.35,0.5
12207,19,1.8,-0.14,1.94
2518,75,4.56,5.14,0.58
8552,37,-2.82,0.96,3.78
18636,0,1.5,-1.16,2.66
7096,38,6.12,2.77,3.35
8414,16,-7.91,-0.55,7.36
11115,48,7.52,5.31,2.21
17479,34,1.6,2.93,1.33
1614,12,-6.99,-5.03,1.96
744,58,3.74,1.75,1.99
20959,13,1.7,0.7,1.0
3587,21,-1.75,1.38,3.13
5723,90,5.05,5.33,0.28
16645,42,-4.47,-6.0,1.53
3817,51,4.61,6.09,1.48
7188,19,-4.95,3.92,8.87
15245,53,-8.25,-1.86,6.39
16864,29,2.91,-0.2,3.11
18693,61,1.41,4.99,3.58
3821,14,-2.43,-1.48,0.95
7124,57,8.25,-4.44,12.69
22685,29,5.92,2.87,3.05
18231,50,-5.05,0.17,5.22
20389,95,0.63,3.19,2.56
22973,99,5.44,6.22,0.78
24123,56,-6.8,-0.67,6.13
16135,62,-7.43,-4.13,3.3
9862,44,-5.39,0.33,5.72
4197,9,-5.92,-2.54,3.38
19666,41,3.79,5.08,1.29
20177,20,6.8,6.07,0.73
15802,27,-9.13,-5.12,4.01
21343,19,3.35,3.87,0.52
23355,32,-4.81,-5.3,0.49
5748,61,2.38,4.05,1.67
5060,53,3.25,0.77,2.48
9863,68,7.28,6.43,0.85
21675,65,0.05,4.46,4.41
18332,9,2.43,3.18,0.75
22054,33,-0.05,-1.4,1.35
17109,53,-2.86,0.75,3.61
19082,88,2.91,6.4,3.49
18076,53,4.66,-1.07,5.73
3582,27,0.1,4.46,4.36
12653,69,1.99,3.74,1.75
14418,19,4.56,2.51,2.05
13005,90,4.37,-1.49,5.86
7686,87,2.86,6.76,3.9
5032,92,9.08,4.13,4.95
310,48,6.17,6.23,0.06
22016,87,3.01,-3.09,6.1
10042,60,8.2,6.38,1.82
1089,48,-0.63,-4.11,3.48
16532,34,7.57,2.62,4.95
13086,24,8.2,4.38,3.82
16201,51,2.62,6.45,3.83
8940,0,8.74,3.47,5.27
3186,69,2.52,1.79,0.73
17309,7,2.09,-0.32,2.41
368,64,6.36,5.14,1.22
23215,8,-3.2,-6.66,3.46
4124,11,4.81,3.37,1.44
1562,7,1.12,2.62,1.5
6464,20,4.03,5.62,1.59
15469,90,1.6,3.33,1.73
18826,18,-3.45,1.38,4.83
6844,23,-4.51,0.04,4.55
11523,30,5.15,2.04,3.11
9807,85,-6.5,-6.49,0.01
10386,65,2.57,5.76,3.19
17462,1,5.24,4.22,1.02
18517,45,-0.29,2.63,2.92
18591,44,-3.2,-2.6,0.6
4807,1,3.93,4.5,0.57
13343,19,4.47,4.02,0.45
17389,14,-5.92,4.01,9.93
9323,45,7.52,5.67,1.85
163,56,2.14,-3.61,5.75
6216,46,6.8,-0.52,7.32
7509,41,4.27,5.74,1.47
22044,12,-4.66,-5.15,0.49
5646,41,6.75,4.28,2.47
3507,30,-0.53,-1.92,1.39
3163,61,2.82,3.99,1.17
11129,66,9.22,6.12,3.1
17399,36,4.85,0.85,4.0
21951,56,-4.32,1.01,5.33
8173,48,4.03,4.54,0.51
2140,89,0.97,1.22,0.25
19509,28,6.8,6.35,0.45
10137,80,-4.13,5.7,9.83
22477,67,-4.27,3.37,7.64
22907,0,3.59,4.85,1.26
11780,63,-1.84,1.89,3.73
1104,6,5.44,-0.2,5.64
5659,58,-0.19,4.74,4.93
2158,91,7.38,5.2,2.18
4987,33,1.17,6.47,5.3
13886,86,1.12,3.11,1.99
19838,14,-0.49,-5.69,5.2
22591,81,5.87,4.89,0.98
9035,14,-1.17,-2.36,1.19
11811,61,1.6,6.24,4.64
10939,74,-3.11,1.49,4.6
18503,71,3.98,2.68,1.3
735,86,5.34,2.56,2.78
14516,52,0.49,3.6,3.11
3482,10,8.2,5.95,2.25
22193,59,-3.83,3.61,7.44
14913,70,-0.34,-5.58,5.24
12324,27,0.19,2.17,1.98
14924,26,1.41,5.79,4.38
5253,25,-9.66,5.49,15.15
878,58,2.57,1.38,1.19
16854,11,1.31,6.01,4.7
24620,52,-0.29,-1.1,0.81
16552,55,-0.39,-2.07,1.68
13747,16,-7.23,-2.03,5.2
4122,64,-3.5,-3.2,0.3
5353,53,0.97,5.21,4.24
5141,51,3.59,4.47,0.88
5657,5,-0.49,-1.91,1.42
7595,77,-2.09,-2.04,0.05
16101,28,-1.41,4.73,6.14
19100,92,7.04,6.67,0.37
1381,35,5.78,5.71,0.07
9872,75,4.03,0.78,3.25
2466,96,3.11,4.69,1.58
14210,42,-9.85,-5.72,4.13
11001,34,8.45,6.62,1.83
9131,7,-1.41,1.95,3.36
5916,7,-5.68,-2.94,2.74
4374,3,-1.12,-0.95,0.17
20745,0,5.73,6.24,0.51
18312,55,-1.17,-2.43,1.26
16732,45,-6.5,-0.16,6.34
7609,21,-4.27,1.55,5.82
8816,53,5.34,6.61,1.27
17317,0,2.72,4.76,2.04
21995,17,5.44,-0.11,5.56
530,83,0.34,3.38,3.04
19831,13,-4.81,-2.82,1.99
22142,35,4.22,5.3,1.08
4321,0,5.78,3.67,2.11
2594,66,-5.83,0.54,6.37
20352,16,7.28,0.24,7.04
11976,20,-4.51,-3.46,1.05
19039,28,-3.69,3.61,7.3
5032,54,0.29,4.02,3.73
14832,37,-4.03,6.56,10.59
8440,17,-2.72,2.35,5.07
7640,96,-5.49,2.56,8.05
16251,39,-5.58,-1.89,3.69
4119,21,2.72,5.8,3.08
23889,85,3.59,0.38,3.21
16136,10,8.59,6.83,1.76
14584,8,0.15,-7.59,7.74
4012,65,-6.46,0.06,6.51
15134,25,-1.26,3.65,4.91
9129,40,-1.46,1.82,3.28
24831,34,-9.51,-5.2,4.31
6041,29,3.4,6.4,3.0
3589,88,8.59,6.0,2.59
3992,92,2.72,5.9,3.18
13078,52,8.88,7.49,1.39
1201,14,0.15,0.96,0.81
15899,35,3.4,5.29,1.89
2505,98,-3.83,-2.72,1.11
6997,12,-6.7,-5.27,1.43

N = 200                  Did Recommend            Did not Recommend        
Should Recommend         26                       23                       
Should not Recommend     26                       125                      

Precision: 0.5
Recall: 0.531
F-1 Measure: 0.515
Overall Accuracy: 0.755
MAE: 3.22
-----------------------------------
14168,4,7.04,2.01,5.03
12233,52,-6.89,-2.0,4.89
1656,62,-3.06,3.42,6.48
4892,17,5.39,2.15,3.24
2601,24,7.18,6.5,0.68
16511,48,1.26,7.26,6.0
6767,81,9.13,5.49,3.64
13095,63,-1.36,1.24,2.6
2434,21,-6.84,2.43,9.27
18187,53,-3.4,0.95,4.35
5291,52,1.12,4.14,3.02
3166,5,-2.04,-3.21,1.17
9269,2,2.18,1.68,0.5
19094,13,-1.6,0.64,2.24
24978,3,2.33,3.35,1.02
23731,16,0.1,-1.21,1.31
16995,32,-0.24,-7.43,7.19
4138,14,-0.97,1.69,2.66
16163,21,7.09,6.25,0.84
23778,6,-7.52,-1.2,6.32
16706,26,-0.58,5.44,6.02
23993,13,2.18,-2.27,4.45
15995,41,1.75,5.56,3.81
9485,19,1.07,1.86,0.79
23250,26,7.67,5.83,1.84
5885,25,5.34,5.63,0.29
14635,56,-4.17,2.7,6.87
499,66,-8.64,-6.66,1.98
17352,66,-9.66,-8.38,1.28
21950,2,5.92,2.55,3.37
4761,58,-5.97,-6.26,0.29
12990,75,8.35,4.65,3.7
24165,10,6.36,7.09,0.73
259,17,-5.19,-1.27,3.92
999,43,-1.21,2.19,3.4
23751,47,7.43,4.73,2.7
23413,51,0.49,-4.35,4.84
11193,48,2.86,7.0,4.14
19171,38,1.07,1.29,0.22
4128,53,4.85,7.45,2.6
346,50,4.42,3.36,1.06
13247,29,5.63,6.81,1.18
3721,20,1.21,6.33,5.12
8310,41,5.1,-1.68,6.78
13310,15,-1.02,1.8,2.82
20283,7,-0.05,-5.04,4.99
17687,4,7.28,2.54,4.74
11511,30,0.15,1.89,1.74
18245,32,8.74,6.36,2.38
21851,7,1.46,3.3,1.84
23379,30,8.16,1.16,7.0
12881,44,-1.84,3.5,5.34
17078,6,2.91,2.27,0.64
6289,44,2.62,3.6,0.98
9326,32,-3.5,-3.75,0.25
13473,67,-0.73,3.73,4.46
18296,37,4.32,5.42,1.1
8668,40,5.73,-3.75,9.48
2224,35,-8.93,4.57,13.5
15549,20,3.3,1.99,1.31
20704,64,5.0,6.63,1.63
11176,30,-3.79,-0.34,3.45
12290,19,-5.83,-0.44,5.39
23789,41,8.2,3.92,4.27
19369,61,0.24,4.6,4.36
20568,14,1.75,-1.55,3.3
1882,54,2.38,4.6,2.22
22988,14,-7.86,-2.69,5.17
24792,40,-5.63,1.09,6.72
22990,81,0.68,2.14,1.46
22426,68,7.14,6.68,0.46
16773,59,-8.45,-2.21,6.24
21436,36,-5.05,-0.18,4.87
24962,64,5.0,2.04,2.96
17784,1,-0.05,-0.26,0.21
15005,17,-2.33,1.05,3.38
2119,19,1.75,-0.08,1.83
21824,30,4.66,3.19,1.47
130,82,-0.44,5.17,5.61
18954,0,2.52,7.07,4.55
4538,36,-3.88,-6.96,3.08
20094,50,0.97,0.13,0.84
4957,65,2.82,6.11,3.29
1182,57,-5.53,-2.42,3.11
14498,13,0.44,7.09,6.65
23546,96,-0.24,1.59,1.83
2899,11,6.7,5.54,1.16
11270,45,-0.58,2.67,3.25
18509,49,5.44,5.93,0.49
20816,29,2.82,5.5,2.68
18455,30,-4.32,-0.94,3.38
22662,14,9.08,0.93,8.15
3924,34,7.04,7.14,0.1
8793,11,6.6,6.86,0.26
20131,78,7.18,6.51,0.67
24225,46,-8.5,-7.07,1.43
255,14,1.07,0.18,0.89
19673,55,-4.9,-2.44,2.46
8061,26,2.23,0.4,1.83
9534,71,5.39,4.7,0.69
13940,24,8.01,7.4,0.61
23896,2,-9.61,-2.51,7.1
2761,24,1.7,5.67,3.97
17745,57,-8.93,-5.1,3.83
13418,57,7.86,5.88,1.98
19813,22,6.55,5.47,1.08
23485,31,0.63,3.43,2.8
24258,56,-9.42,-4.42,5.0
929,60,7.09,6.48,0.61
5566,22,2.91,2.42,0.49
1924,45,-5.19,-5.53,0.34
8660,22,-7.18,-7.26,0.08
11257,85,4.76,2.7,2.06
20648,17,-7.86,-4.01,3.85
10005,37,1.75,4.47,2.72
7938,5,-8.64,-4.66,3.98
20835,61,5.92,6.69,0.77
1715,44,0.29,5.61,5.32
9856,2,5.44,0.99,4.45
19836,39,2.52,1.75,0.77
17829,44,2.57,1.22,1.35
13391,59,-4.61,-1.47,3.14
13765,14,0.83,0.53,0.3
17166,30,7.43,3.97,3.46
18369,62,-5.29,-4.82,0.47
24598,21,-4.17,2.9,7.07
3614,30,3.06,6.52,3.46
23474,47,2.33,6.22,3.89
3446,69,-2.82,-3.9,1.08
7065,13,5.0,4.83,0.17
2943,65,-7.82,5.06,12.88
12250,4,-0.29,-1.2,0.91
20494,93,5.97,6.0,0.03
577,64,3.2,-1.36,4.56
18999,24,-4.03,-6.42,2.39
22692,4,4.17,-4.08,8.25
6253,82,2.86,4.18,1.32
19852,18,-0.78,1.17,1.95
10365,8,0.24,4.71,4.47
21077,30,4.66,7.68,3.02
5899,16,-4.66,-1.31,3.35
257,75,6.8,4.05,2.75
683,49,4.42,4.93,0.51
23242,26,3.45,5.67,2.22
12367,27,-6.31,-5.0,1.31
1229,25,3.01,3.15,0.14
14251,34,3.01,0.56,2.45
18948,20,-1.46,3.07,4.53
7738,83,-9.08,-6.5,2.58
24005,0,9.37,-0.32,9.69
6863,48,6.99,6.67,0.32
24374,52,8.5,6.95,1.55
2298,1,6.7,3.52,3.18
7094,46,-5.24,-1.31,3.93
24347,12,2.38,-1.33,3.71
16846,96,-7.67,1.41,9.08
14818,34,-6.94,3.21,10.15
12885,53,6.75,3.26,3.49
21746,27,-4.61,-5.92,1.31
11943,10,4.08,6.37,2.29
24597,93,3.69,2.36,1.33
22974,65,1.21,2.93,1.72
7435,59,4.61,3.21,1.4
5061,33,3.01,6.66,3.65
2609,20,1.31,-1.59,2.9
23094,7,3.4,-3.13,6.53
5974,63,-9.22,-1.4,7.82
2725,43,-9.9,0.23,10.13
6895,83,1.7,2.18,0.48
19412,56,2.23,5.3,3.07
22119,53,4.37,4.26,0.11
18537,56,0.29,3.24,2.95
12071,88,8.54,5.82,2.72
16097,76,2.96,3.21,0.25
8629,60,4.27,5.04,0.77
22552,43,6.7,5.58,1.12
10713,30,9.13,3.16,5.97
5781,88,5.24,5.28,0.04
4057,34,2.86,2.88,0.02
21591,1,-9.71,-7.24,2.47
13598,10,-8.16,-6.6,1.56
1861,99,1.36,-0.14,1.5
16985,57,-9.47,-7.88,1.59
6937,48,4.61,4.53,0.08
3615,10,3.45,7.72,4.27
16989,57,-7.62,-5.74,1.88
7409,4,-1.07,0.11,1.18
18350,67,9.32,5.48,3.84
12491,98,6.02,-0.47,6.49
860,24,2.77,3.94,1.17
14473,17,-2.52,-1.74,0.78
3276,68,0.15,3.8,3.65
8114,44,8.06,2.62,5.44
3646,34,8.64,7.65,0.99
12921,37,-2.18,1.73,3.91
10322,49,7.09,6.12,0.97
19965,45,1.17,-1.12,2.29
16629,27,3.11,-5.15,8.26
14750,30,2.48,5.55,3.07
20358,68,1.21,-3.42,4.63

N = 200                  Did Recommend            Did not Recommend        
Should Recommend         29                       23                       
Should not Recommend     25                       123                      

Precision: 0.537
Recall: 0.558
F-1 Measure: 0.547
Overall Accuracy: 0.76
MAE: 3.1
-----------------------------------
Mean MAE: 3.35
Standard Deviation MAE: 0.21
Mean Accuracy: 0.76
